Step Population Tecnology ResourceFoodProductivity FoodProduction FoodRate
1 50 0.0 0.015628330100211658 75.0 1.5
2 50 0.0 0.015628330100211658 75.0 1.5
3 51 0.0 0.015628330100211658 75.0 1.5
4 51 0.0 0.015628330100211658 75.0 1.4705882352941178
5 51 0.0 0.015628330100211658 75.0 1.4705882352941178
6 51 0.0 0.015628330100211658 75.0 1.4705882352941178
7 51 0.0 0.015628330100211658 75.0 1.4705882352941178
8 51 0.0 0.015628330100211658 75.0 1.4705882352941178
9 51 0.0 0.021927953028540167 75.0 1.4705882352941178
10 51 0.0 0.021927953028540167 75.0 1.4705882352941178
11 51 0.0 0.021927953028540167 75.0 1.4705882352941178
12 51 0.0 0.021927953028540167 75.0 1.4705882352941178
13 51 0.0 0.021927953028540167 75.0 1.4705882352941178
14 53 0.0 0.021927953028540167 75.0 1.4705882352941178
15 53 0.0 0.021927953028540167 75.0 1.4150943396226414
16 54 0.0 0.021927953028540167 75.0 1.4150943396226414
17 54 0.0 0.021927953028540167 75.0 1.3888888888888888
18 54 0.0 0.021927953028540167 75.0 1.3888888888888888
19 54 0.0 0.019842335546352313 75.0 1.3888888888888888
20 54 0.0 0.01602260376391041 75.0 1.3888888888888888
21 54 0.0 0.01602260376391041 75.0 1.3888888888888888
22 57 0.0 0.01602260376391041 75.0 1.3888888888888888
23 57 0.0 0.01602260376391041 80.11301881955205 1.4054915582377554
24 62 0.0 0.01602260376391041 80.11301881955205 1.4054915582377554
25 62 0.0 0.01602260376391041 80.11301881955205 1.2921454648314847
26 62 0.0 0.01602260376391041 80.11301881955205 1.2921454648314847
27 65 0.0 0.01602260376391041 80.11301881955205 1.2921454648314847
28 68 0.0 0.01602260376391041 80.11301881955205 1.2325079818392624
29 68 0.0 0.01602260376391041 80.11301881955205 1.1781326296992949
30 68 0.0 0.020830168211042128 80.11301881955205 1.1781326296992949
31 71 0.0 0.020304107807694927 100.0 1.4705882352941178
32 71 0.0 0.01923270404935676 101.52053903847464 1.4298667470207695
33 71 0.0 0.01923270404935676 96.1635202467838 1.3544157781237156
34 71 0.0 0.01923270404935676 96.1635202467838 1.3544157781237156
35 74 0.0 0.01923270404935676 96.1635202467838 1.3544157781237156
36 74 0.0 0.01923270404935676 96.1635202467838 1.2995070303619434
37 74 0.0 0.01923270404935676 96.1635202467838 1.2995070303619434
38 74 0.0 0.01923270404935676 96.1635202467838 1.2995070303619434
39 74 0.0 0.01923270404935676 96.1635202467838 1.2995070303619434
40 74 0.0 0.01923270404935676 96.1635202467838 1.2995070303619434
41 74 0.0 0.01923270404935676 96.1635202467838 1.2995070303619434
42 74 0.0 0.01923270404935676 96.1635202467838 1.2995070303619434
43 74 0.0 0.01923270404935676 96.1635202467838 1.2995070303619434
44 74 0.0 0.01923270404935676 96.1635202467838 1.2995070303619434
45 76 0.0 0.01923270404935676 96.1635202467838 1.2995070303619434
46 76 0.0 0.01923270404935676 96.1635202467838 1.2653094769313658
47 84 0.0 0.01923270404935676 96.1635202467838 1.2653094769313658
48 91 0.0 0.01923270404935676 96.1635202467838 1.144803812461712
49 91 0.0 0.01923270404935676 96.1635202467838 1.056741980733888
50 91 0.0 0.01923270404935676 96.1635202467838 1.056741980733888
51 91 0.0 0.01923270404935676 96.1635202467838 1.056741980733888
52 91 0.0 0.01923270404935676 96.1635202467838 1.056741980733888
53 91 0.0 0.01923270404935676 96.1635202467838 1.056741980733888
54 91 0.0 0.01923270404935676 96.1635202467838 1.056741980733888
55 91 0.0 0.01923270404935676 96.1635202467838 1.056741980733888
56 91 0.0 0.01923270404935676 96.1635202467838 1.056741980733888
57 91 0.0 0.021488176668386927 96.1635202467838 1.056741980733888
58 93 0.0 0.021488176668386927 107.44088334193464 1.1806690477135675
59 93 0.0 0.021488176668386927 107.44088334193464 1.1552783155046735
60 93 0.0 0.021488176668386927 107.44088334193464 1.1552783155046735
61 93 0.0 0.021488176668386927 107.44088334193464 1.1552783155046735
62 93 0.0 0.021488176668386927 107.44088334193464 1.1552783155046735
63 93 0.0 0.021488176668386927 107.44088334193464 1.1552783155046735
64 93 0.0 0.021488176668386927 107.44088334193464 1.1552783155046735
65 93 0.0 0.021488176668386927 107.44088334193464 1.1552783155046735
66 93 0.0 0.021488176668386927 107.44088334193464 1.1552783155046735
67 93 0.0 0.021488176668386927 107.44088334193464 1.1552783155046735
68 93 0.0 0.021488176668386927 107.44088334193464 1.1552783155046735
69 95 0.0 0.021488176668386927 107.44088334193464 1.1552783155046735
70 95 0.0 0.01791307592346957 107.44088334193464 1.1309566667572066
71 95 0.0 0.01791307592346957 89.56537961734784 0.9427934696562931
72 95 0.0 0.01791307592346957 89.56537961734784 0.9427934696562931
73 95 0.0 0.01791307592346957 89.56537961734784 0.9427934696562931
74 95 0.0 0.01791307592346957 89.56537961734784 0.9427934696562931
75 95 0.0 0.01791307592346957 89.56537961734784 0.9427934696562931
76 95 0.0 0.016249716162498398 89.56537961734784 0.9427934696562931
77 95 0.0 0.016249716162498398 81.248580812492 0.8552482190788631
78 95 0.0 0.016249716162498398 81.248580812492 0.8552482190788631
79 95 0.0 0.016249716162498398 81.248580812492 0.8552482190788631
80 95 0.0 0.016249716162498398 81.248580812492 0.8552482190788631
81 13 0.0 0.016249716162498398 81.248580812492 0.8552482190788631
82 13 0.0 0.016249716162498398 25.0 1.9230769230769231
83 13 0.0 0.016249716162498398 25.0 1.9230769230769231
84 14 0.0 0.016249716162498398 25.0 1.9230769230769231
85 15 0.0 0.016249716162498398 25.0 1.7857142857142858
86 15 0.0 0.016249716162498398 25.0 1.6666666666666667
87 17 0.0 0.016249716162498398 25.0 1.6666666666666667
88 19 0.0 0.02097234361261573 25.0 1.4705882352941178
89 19 0.0 0.02097234361261573 25.0 1.3157894736842106
90 21 0.0 0.02097234361261573 25.0 1.3157894736842106
91 21 0.0 0.02097234361261573 37.5 1.7857142857142858
92 23 0.0 0.02097234361261573 37.5 1.7857142857142858
93 25 0.0 0.02097234361261573 37.5 1.6304347826086956
94 25 0.0 0.02097234361261573 37.5 1.5
95 25 0.0 0.02097234361261573 37.5 1.5
96 25 0.0 0.01859091212109917 37.5 1.5
97 25 0.0 0.016135631888303505 37.5 1.5
98 25 0.0 0.016135631888303505 37.5 1.5
99 25 0.0 0.016135631888303505 37.5 1.5
100 25 0.0 0.016135631888303505 37.5 1.5
101 25 0.0 0.016135631888303505 37.5 1.5
102 25 0.0 0.016135631888303505 37.5 1.5
103 25 0.0 0.02330790302429843 37.5 1.5
104 25 0.0 0.02330790302429843 37.5 1.5
105 25 0.0 0.02330790302429843 37.5 1.5
106 28 0.0 0.02330790302429843 37.5 1.5
107 28 0.0 0.02330790302429843 37.5 1.3392857142857142
108 28 0.0 0.02330790302429843 37.5 1.3392857142857142
109 28 0.0 0.02330790302429843 37.5 1.3392857142857142
110 28 0.0 0.02330790302429843 37.5 1.3392857142857142
111 28 0.0 0.02330790302429843 37.5 1.3392857142857142
112 28 0.0 0.018578302294359725 37.5 1.3392857142857142
113 28 0.0 0.018578302294359725 37.5 1.3392857142857142
114 28 0.0 0.018578302294359725 37.5 1.3392857142857142
115 31 0.0 0.018578302294359725 37.5 1.3392857142857142
116 31 0.0 0.015064527155412136 50.0 1.6129032258064515
117 31 0.0 0.015064527155412136 50.0 1.6129032258064515
118 31 0.0 0.015064527155412136 50.0 1.6129032258064515
119 33 0.0 0.015064527155412136 50.0 1.6129032258064515
120 33 0.0 0.015064527155412136 50.0 1.5151515151515151
121 34 0.0 0.015064527155412136 50.0 1.5151515151515151
122 34 0.0 0.015064527155412136 50.0 1.4705882352941178
123 34 0.0 0.015064527155412136 50.0 1.4705882352941178
124 34 0.0 0.015064527155412136 50.0 1.4705882352941178
125 37 0.0 0.015064527155412136 50.0 1.4705882352941178
126 37 0.0 0.015064527155412136 50.0 1.3513513513513513
127 38 0.0 0.015064527155412136 50.0 1.3513513513513513
128 40 0.0 0.021429499290687135 62.5 1.644736842105263
129 40 0.0 0.021429499290687135 62.5 1.5625
130 40 0.0 0.021429499290687135 62.5 1.5625
131 40 0.0 0.021429499290687135 62.5 1.5625
132 40 0.0 0.021429499290687135 62.5 1.5625
133 41 0.0 0.021429499290687135 62.5 1.5625
134 41 0.0 0.021429499290687135 62.5 1.524390243902439
135 41 0.0 0.019760394659986382 62.5 1.524390243902439
136 41 0.0 0.019760394659986382 62.5 1.524390243902439
137 41 0.0 0.019760394659986382 62.5 1.524390243902439
138 41 0.0 0.019760394659986382 62.5 1.524390243902439
139 41 0.0 0.019760394659986382 62.5 1.524390243902439
140 42 0.0 0.019760394659986382 62.5 1.524390243902439
141 42 0.0 0.019760394659986382 62.5 1.4880952380952381
142 42 0.0 0.019760394659986382 62.5 1.4880952380952381
143 42 0.0 0.019760394659986382 62.5 1.4880952380952381
144 46 0.0 0.019760394659986382 62.5 1.4880952380952381
145 46 0.0 0.019760394659986382 75.0 1.6304347826086956
146 49 0.0 0.019760394659986382 75.0 1.6304347826086956
147 51 0.0 0.019760394659986382 75.0 1.530612244897959
148 51 0.0 0.019760394659986382 75.0 1.4705882352941178
149 51 0.0 0.0204687179951134 75.0 1.4705882352941178
150 54 0.0 0.0204687179951134 75.0 1.4705882352941178
151 54 0.0 0.0204687179951134 75.0 1.3888888888888888
152 54 0.0 0.0204687179951134 75.0 1.3888888888888888
153 56 0.0 0.0204687179951134 75.0 1.3888888888888888
154 61 0.0 0.0204687179951134 87.5 1.5625
155 62 0.0 0.0204687179951134 87.5 1.4344262295081966
156 62 0.0 0.0204687179951134 87.5 1.4112903225806452
157 62 0.0 0.0204687179951134 87.5 1.4112903225806452
158 62 0.0 0.0204687179951134 87.5 1.4112903225806452
159 62 0.0 0.0204687179951134 87.5 1.4112903225806452
160 64 0.0 0.02410669070596865 87.5 1.4112903225806452
161 64 0.0 0.02410669070596865 100.0 1.5625
162 66 0.0 0.02410669070596865 100.0 1.5625
163 73 0.0 0.02410669070596865 100.0 1.5151515151515151
164 73 0.0 0.02410669070596865 112.5 1.5410958904109588
165 73 0.0 0.02410669070596865 112.5 1.5410958904109588
166 73 0.0 0.02410669070596865 112.5 1.5410958904109588
167 73 0.0 0.02147395877875664 112.5 1.5410958904109588
168 73 0.0 0.02147395877875664 107.3697938937832 1.4708190944353863
169 73 0.0 0.02147395877875664 107.3697938937832 1.4708190944353863
170 73 0.0 0.02147395877875664 107.3697938937832 1.4708190944353863
171 73 0.0 0.02147395877875664 107.3697938937832 1.4708190944353863
172 79 0.0 0.02147395877875664 107.3697938937832 1.4708190944353863
173 79 0.0 0.021440169760286967 107.3697938937832 1.3591113151111798
174 79 0.0 0.021440169760286967 107.20084880143483 1.3569727696384155
175 79 0.0 0.023852311953510848 107.20084880143483 1.3569727696384155
176 79 0.0 0.023852311953510848 112.5 1.4240506329113924
177 82 0.0 0.023852311953510848 112.5 1.4240506329113924
178 82 0.0 0.023852311953510848 119.26155976755423 1.4544092654579783
179 82 0.0 0.023852311953510848 119.26155976755423 1.4544092654579783
180 84 0.0 0.023852311953510848 119.26155976755423 1.4544092654579783
181 84 0.0 0.023852311953510848 119.26155976755423 1.4197804734232646
182 84 0.0 0.023852311953510848 119.26155976755423 1.4197804734232646
183 84 0.0 0.019278699219424995 119.26155976755423 1.4197804734232646
184 84 0.0 0.019278699219424995 96.39349609712498 1.1475416202038689
185 84 0.0 0.019278699219424995 96.39349609712498 1.1475416202038689
186 84 0.0 0.025752929743554455 96.39349609712498 1.1475416202038689
187 87 0.0 0.025752929743554455 125.0 1.4880952380952381
188 87 0.0 0.025752929743554455 125.0 1.4367816091954022
189 87 0.0 0.025752929743554455 125.0 1.4367816091954022
190 90 0.0 0.025752929743554455 125.0 1.4367816091954022
191 94 0.0 0.025752929743554455 128.76464871777227 1.4307183190863586
192 94 0.0 0.01953624287641141 128.76464871777227 1.369836688486939
193 94 0.0 0.01953624287641141 97.68121438205705 1.0391618551282664
194 94 0.0 0.01953624287641141 97.68121438205705 1.0391618551282664
195 94 0.0 0.01953624287641141 97.68121438205705 1.0391618551282664
196 94 0.0 0.01953624287641141 97.68121438205705 1.0391618551282664
197 94 0.0 0.01953624287641141 97.68121438205705 1.0391618551282664
198 94 0.0 0.01953624287641141 97.68121438205705 1.0391618551282664
199 94 0.0 0.01953624287641141 97.68121438205705 1.0391618551282664
200 94 0.0 0.01953624287641141 97.68121438205705 1.0391618551282664
201 94 0.0 0.01953624287641141 97.68121438205705 1.0391618551282664
202 94 0.0 0.01953624287641141 97.68121438205705 1.0391618551282664
203 94 0.0 0.01953624287641141 97.68121438205705 1.0391618551282664
204 94 0.0 0.01953624287641141 97.68121438205705 1.0391618551282664
205 94 0.0 0.01953624287641141 97.68121438205705 1.0391618551282664
206 94 0.0 0.016907928400950102 97.68121438205705 1.0391618551282664
207 94 0.0 0.016907928400950102 84.5396420047505 0.8993578936675586
208 94 0.0 0.015600975891834292 84.5396420047505 0.8993578936675586
209 94 0.0 0.015600975891834292 78.00487945917146 0.8298391431826752
210 65 0.0 0.015600975891834292 78.00487945917146 0.8298391431826752
211 65 0.0 0.015600975891834292 78.00487945917146 1.2000750686026378
212 65 0.0 0.015600975891834292 78.00487945917146 1.2000750686026378
213 65 0.0 0.015600975891834292 78.00487945917146 1.2000750686026378
214 65 0.0 0.01965983293833139 78.00487945917146 1.2000750686026378
215 65 0.0 0.01965983293833139 98.29916469165696 1.512294841410107
216 65 0.0 0.01965983293833139 98.29916469165696 1.512294841410107
217 67 0.0 0.01965983293833139 98.29916469165696 1.512294841410107
218 67 0.0 0.01965983293833139 98.29916469165696 1.4671517118157755
219 67 0.0 0.01965983293833139 98.29916469165696 1.4671517118157755
220 67 0.0 0.01965983293833139 98.29916469165696 1.4671517118157755
221 67 0.0 0.01965983293833139 98.29916469165696 1.4671517118157755
222 67 0.0 0.01965983293833139 98.29916469165696 1.4671517118157755
223 73 0.0 0.01965983293833139 98.29916469165696 1.4671517118157755
224 73 0.0 0.01965983293833139 98.29916469165696 1.3465638998857117
225 73 0.0 0.01965983293833139 98.29916469165696 1.3465638998857117
226 73 0.0 0.01965983293833139 98.29916469165696 1.3465638998857117
227 73 0.0 0.01965983293833139 98.29916469165696 1.3465638998857117
228 76 0.0 0.01965983293833139 98.29916469165696 1.3465638998857117
229 76 0.0 0.01965983293833139 98.29916469165696 1.2934100617323283
230 76 0.0 0.01965983293833139 98.29916469165696 1.2934100617323283
231 76 0.0 0.01965983293833139 98.29916469165696 1.2934100617323283
232 76 0.0 0.01965983293833139 98.29916469165696 1.2934100617323283
233 76 0.0 0.01965983293833139 98.29916469165696 1.2934100617323283
234 76 0.0 0.01965983293833139 98.29916469165696 1.2934100617323283
235 84 0.0 0.014724114315896972 98.29916469165696 1.2934100617323283
236 84 0.0 0.014724114315896972 73.62057157948486 0.8764353759462483
237 84 0.0 0.014724114315896972 73.62057157948486 0.8764353759462483
238 84 0.0 0.014724114315896972 73.62057157948486 0.8764353759462483
239 84 0.0 0.014724114315896972 73.62057157948486 0.8764353759462483
240 84 0.0 0.014724114315896972 73.62057157948486 0.8764353759462483
241 84 0.0 0.014724114315896972 73.62057157948486 0.8764353759462483
242 84 0.0 0.014724114315896972 73.62057157948486 0.8764353759462483
243 84 0.0 0.014724114315896972 73.62057157948486 0.8764353759462483
244 84 0.0 0.014724114315896972 73.62057157948486 0.8764353759462483
245 84 0.0 0.014724114315896972 73.62057157948486 0.8764353759462483
246 84 0.0 0.014724114315896972 73.62057157948486 0.8764353759462483
247 84 0.0 0.014724114315896972 73.62057157948486 0.8764353759462483
248 84 0.0 0.014724114315896972 73.62057157948486 0.8764353759462483
249 84 0.0 0.014724114315896972 73.62057157948486 0.8764353759462483
250 84 0.0 0.014724114315896972 73.62057157948486 0.8764353759462483
251 18 0.0 0.014724114315896972 73.62057157948486 0.8764353759462483
252 18 0.0 0.014724114315896972 25.0 1.3888888888888888
253 18 0.0 0.014724114315896972 25.0 1.3888888888888888
254 19 0.0 0.014724114315896972 25.0 1.3888888888888888
255 19 0.0 0.014724114315896972 25.0 1.3157894736842106
256 19 0.0 0.014724114315896972 25.0 1.3157894736842106
257 19 0.0 0.014724114315896972 25.0 1.3157894736842106
258 19 0.0 0.016602026481299534 25.0 1.3157894736842106
259 19 0.0 0.016602026481299534 25.0 1.3157894736842106
260 19 0.0 0.016602026481299534 25.0 1.3157894736842106
261 19 0.0 0.016602026481299534 25.0 1.3157894736842106
262 19 0.0 0.016602026481299534 25.0 1.3157894736842106
263 19 0.0 0.016602026481299534 25.0 1.3157894736842106
264 19 0.0 0.016602026481299534 25.0 1.3157894736842106
265 19 0.0 0.016602026481299534 25.0 1.3157894736842106
266 20 0.0 0.016602026481299534 25.0 1.3157894736842106
267 20 0.0 0.016602026481299534 25.0 1.25
268 20 0.0 0.016602026481299534 25.0 1.25
269 20 0.0 0.016602026481299534 25.0 1.25
270 20 0.0 0.016602026481299534 25.0 1.25
271 20 0.0 0.016602026481299534 25.0 1.25
272 20 0.0 0.016602026481299534 25.0 1.25
273 21 0.0 0.016602026481299534 25.0 1.25
274 21 0.0 0.016602026481299534 37.5 1.7857142857142858
275 21 0.0 0.016602026481299534 37.5 1.7857142857142858
276 23 0.0 0.016602026481299534 37.5 1.7857142857142858
277 23 0.0 0.016602026481299534 37.5 1.6304347826086956
278 23 0.0 0.016602026481299534 37.5 1.6304347826086956
279 23 0.0 0.016602026481299534 37.5 1.6304347826086956
280 23 0.0 0.016602026481299534 37.5 1.6304347826086956
281 23 0.0 0.016602026481299534 37.5 1.6304347826086956
282 23 0.0 0.016602026481299534 37.5 1.6304347826086956
283 23 0.0 0.016602026481299534 37.5 1.6304347826086956
284 23 0.0 0.01811761940465355 37.5 1.6304347826086956
285 23 0.0 0.01811761940465355 37.5 1.6304347826086956
286 23 0.0 0.01811761940465355 37.5 1.6304347826086956
287 24 0.0 0.01811761940465355 37.5 1.6304347826086956
288 24 0.0 0.01811761940465355 37.5 1.5625
289 25 0.0 0.01811761940465355 37.5 1.5625
290 25 0.0 0.0223718257003434 37.5 1.5
291 25 0.0 0.0223718257003434 37.5 1.5
292 25 0.0 0.01736063028925027 37.5 1.5
293 28 0.0 0.017541611308262223 37.5 1.5
294 30 0.0 0.018685194314046038 37.5 1.3392857142857142
295 30 0.0 0.018685194314046038 50.0 1.6666666666666667
296 31 0.0 0.018685194314046038 50.0 1.6666666666666667
297 31 0.0 0.018685194314046038 50.0 1.6129032258064515
298 34 0.0 0.018685194314046038 50.0 1.6129032258064515
299 36 0.0 0.01870968746431606 50.0 1.4705882352941178
300 36 0.0 0.01870968746431606 50.0 1.3888888888888888
301 36 0.0 0.01870968746431606 50.0 1.3888888888888888
302 36 0.0 0.01870968746431606 50.0 1.3888888888888888
303 36 0.0 0.01870968746431606 50.0 1.3888888888888888
304 36 0.0 0.01870968746431606 50.0 1.3888888888888888
305 36 0.0 0.01870968746431606 50.0 1.3888888888888888
306 36 0.0 0.01870968746431606 50.0 1.3888888888888888
307 36 0.0 0.01870968746431606 50.0 1.3888888888888888
308 38 0.0 0.01870968746431606 50.0 1.3888888888888888
309 38 0.0 0.01870968746431606 62.5 1.644736842105263
310 38 0.0 0.01870968746431606 62.5 1.644736842105263
311 38 0.0 0.01870968746431606 62.5 1.644736842105263
312 38 0.0 0.01870968746431606 62.5 1.644736842105263
313 38 0.0 0.01870968746431606 62.5 1.644736842105263
314 39 0.0 0.01870968746431606 62.5 1.644736842105263
315 40 0.0 0.01870968746431606 62.5 1.6025641025641026
316 40 0.0 0.01870968746431606 62.5 1.5625
317 40 0.0 0.01870968746431606 62.5 1.5625
318 44 0.0 0.01870968746431606 62.5 1.5625
319 44 0.0 0.01870968746431606 62.5 1.4204545454545454
320 44 0.0 0.01870968746431606 62.5 1.4204545454545454
321 44 0.0 0.01870968746431606 62.5 1.4204545454545454
322 44 0.0 0.01870968746431606 62.5 1.4204545454545454
323 44 0.0 0.01870968746431606 62.5 1.4204545454545454
324 44 0.0 0.01870968746431606 62.5 1.4204545454545454
325 44 0.0 0.01870968746431606 62.5 1.4204545454545454
326 44 0.0 0.01870968746431606 62.5 1.4204545454545454
327 44 0.0 0.01870968746431606 62.5 1.4204545454545454
328 44 0.0 0.01870968746431606 62.5 1.4204545454545454
329 48 0.0 0.01870968746431606 62.5 1.4204545454545454
330 48 0.0 0.01870968746431606 75.0 1.5625
331 49 0.0 0.01870968746431606 75.0 1.5625
332 53 0.0 0.01870968746431606 75.0 1.530612244897959
333 54 0.0 0.01870968746431606 75.0 1.4150943396226414
334 54 0.0 0.01870968746431606 75.0 1.3888888888888888
335 54 0.0 0.01870968746431606 75.0 1.3888888888888888
336 54 0.0 0.01870968746431606 75.0 1.3888888888888888
337 54 0.0 0.01870968746431606 75.0 1.3888888888888888
338 54 0.0 0.01870968746431606 75.0 1.3888888888888888
339 54 0.0 0.02400354410780234 75.0 1.3888888888888888
340 59 0.0 0.02400354410780234 75.0 1.3888888888888888
341 59 0.0 0.02400354410780234 87.5 1.4830508474576272
342 62 0.0 0.02400354410780234 87.5 1.4830508474576272
343 65 0.0 0.02400354410780234 87.5 1.4112903225806452
344 65 0.0 0.02400354410780234 100.0 1.5384615384615385
345 70 0.0 0.02400354410780234 100.0 1.5384615384615385
346 76 0.0 0.02400354410780234 100.0 1.4285714285714286
347 76 0.0 0.02400354410780234 112.5 1.480263157894737
348 76 0.0 0.02400354410780234 112.5 1.480263157894737
349 81 0.0 0.02400354410780234 112.5 1.480263157894737
350 81 0.0 0.02400354410780234 120.0177205390117 1.4817002535680457
351 86 0.0 0.02400354410780234 120.0177205390117 1.4817002535680457
352 86 0.0 0.02400354410780234 120.0177205390117 1.3955548899885082
353 93 0.0 0.02400354410780234 120.0177205390117 1.3955548899885082
354 93 0.0 0.02400354410780234 120.0177205390117 1.2905131240753946
355 93 0.0 0.02400354410780234 120.0177205390117 1.2905131240753946
356 93 0.0 0.02400354410780234 120.0177205390117 1.2905131240753946
357 93 0.0 0.02400354410780234 120.0177205390117 1.2905131240753946
358 99 0.0 0.02400354410780234 120.0177205390117 1.2905131240753946
359 99 0.0 0.02400354410780234 120.0177205390117 1.2123002074647646
360 99 0.0 0.02400354410780234 120.0177205390117 1.2123002074647646
361 102 0.0 0.02400354410780234 120.0177205390117 1.2123002074647646
362 102 0.0 0.02400354410780234 120.0177205390117 1.1766443190099187
363 102 0.0 0.02400354410780234 120.0177205390117 1.1766443190099187
364 102 0.0 0.02400354410780234 120.0177205390117 1.1766443190099187
365 102 0.0 0.02400311143480874 120.0177205390117 1.1766443190099187
366 102 0.0 0.02400311143480874 120.0155571740437 1.1766231095494482
367 102 0.0 0.02400311143480874 120.0155571740437 1.1766231095494482
368 107 0.0 0.02400311143480874 120.0155571740437 1.1766231095494482
369 107 0.0 0.02400311143480874 120.0155571740437 1.1216407212527448
370 107 0.0 0.02400311143480874 120.0155571740437 1.1216407212527448
371 107 0.0 0.02400311143480874 120.0155571740437 1.1216407212527448
372 107 0.0 0.02400311143480874 120.0155571740437 1.1216407212527448
373 107 0.0 0.02400311143480874 120.0155571740437 1.1216407212527448
374 118 0.0 0.02400311143480874 120.0155571740437 1.1216407212527448
375 118 0.0 0.02400311143480874 120.0155571740437 1.0170809930003704
376 118 0.0 0.02400311143480874 120.0155571740437 1.0170809930003704
377 118 0.0 0.02400311143480874 120.0155571740437 1.0170809930003704
378 118 0.0 0.02400311143480874 120.0155571740437 1.0170809930003704
379 118 0.0 0.02400311143480874 120.0155571740437 1.0170809930003704
380 118 0.0 0.02400311143480874 120.0155571740437 1.0170809930003704
381 118 0.0 0.02338112115217186 120.0155571740437 1.0170809930003704
382 118 0.0 0.02338112115217186 116.9056057608593 0.9907254725496552
383 118 0.0 0.02338112115217186 116.9056057608593 0.9907254725496552
384 118 0.0 0.02338112115217186 116.9056057608593 0.9907254725496552
385 118 0.0 0.01544526190293924 116.9056057608593 0.9907254725496552
386 88 0.0 0.01544526190293924 77.2263095146962 0.654460250124544
387 88 0.0 0.01544526190293924 77.2263095146962 0.8775716990306386
388 64 0.0 0.01544526190293924 77.2263095146962 0.8775716990306386
389 64 0.0 0.01544526190293924 77.2263095146962 1.206661086167128
390 64 0.0 0.01544526190293924 77.2263095146962 1.206661086167128
391 64 0.0 0.01544526190293924 77.2263095146962 1.206661086167128
392 64 0.0 0.01544526190293924 77.2263095146962 1.206661086167128
393 64 0.0 0.01544526190293924 77.2263095146962 1.206661086167128
394 64 0.0 0.01544526190293924 77.2263095146962 1.206661086167128
395 64 0.0 0.01544526190293924 77.2263095146962 1.206661086167128
396 64 0.0 0.01544526190293924 77.2263095146962 1.206661086167128
397 64 0.0 0.01544526190293924 77.2263095146962 1.206661086167128
398 64 0.0 0.01544526190293924 77.2263095146962 1.206661086167128
399 64 0.0 0.01544526190293924 77.2263095146962 1.206661086167128
400 64 0.0 0.018994164845928835 77.2263095146962 1.206661086167128
401 70 0.0 0.018994164845928835 94.97082422964418 1.4839191285881903
402 70 0.0 0.018994164845928835 94.97082422964418 1.3567260604234883
403 70 0.0 0.018994164845928835 94.97082422964418 1.3567260604234883
404 70 0.0 0.018994164845928835 94.97082422964418 1.3567260604234883
405 70 0.0 0.018994164845928835 94.97082422964418 1.3567260604234883
406 70 0.0 0.018994164845928835 94.97082422964418 1.3567260604234883
407 70 0.0 0.018994164845928835 94.97082422964418 1.3567260604234883
408 70 0.0 0.018994164845928835 94.97082422964418 1.3567260604234883
409 73 0.0 0.018994164845928835 94.97082422964418 1.3567260604234883
410 73 0.0 0.018994164845928835 94.97082422964418 1.3009701949266326
411 73 0.0 0.018994164845928835 94.97082422964418 1.3009701949266326
412 73 0.0 0.018994164845928835 94.97082422964418 1.3009701949266326
413 73 0.0 0.018994164845928835 94.97082422964418 1.3009701949266326
414 80 0.0 0.018994164845928835 94.97082422964418 1.3009701949266326
415 80 0.0 0.018994164845928835 94.97082422964418 1.1871353028705522
416 80 0.0 0.02022779633126781 94.97082422964418 1.1871353028705522
417 80 0.0 0.02022779633126781 101.13898165633906 1.2642372707042382
418 80 0.0 0.02022779633126781 101.13898165633906 1.2642372707042382
419 83 0.0 0.02022779633126781 101.13898165633906 1.2642372707042382
420 83 0.0 0.02022779633126781 101.13898165633906 1.2185419476667356
421 83 0.0 0.021953455991564043 101.13898165633906 1.2185419476667356
422 89 0.0 0.021953455991564043 109.76727995782021 1.3224973488894
423 89 0.0 0.019587001418452436 109.76727995782021 1.233340224245171
424 89 0.0 0.019587001418452436 97.93500709226218 1.1003933381153055
425 89 0.0 0.019587001418452436 97.93500709226218 1.1003933381153055
426 89 0.0 0.019587001418452436 97.93500709226218 1.1003933381153055
427 89 0.0 0.019587001418452436 97.93500709226218 1.1003933381153055
428 89 0.0 0.019587001418452436 97.93500709226218 1.1003933381153055
429 95 0.0 0.019587001418452436 97.93500709226218 1.1003933381153055
430 95 0.0 0.019587001418452436 97.93500709226218 1.0308948114974967
431 95 0.0 0.019587001418452436 97.93500709226218 1.0308948114974967
432 95 0.0 0.019587001418452436 97.93500709226218 1.0308948114974967
433 95 0.0 0.019587001418452436 97.93500709226218 1.0308948114974967
434 95 0.0 0.019587001418452436 97.93500709226218 1.0308948114974967
435 95 0.0 0.019587001418452436 97.93500709226218 1.0308948114974967
436 95 0.0 0.01964970370019893 97.93500709226218 1.0308948114974967
437 95 0.0 0.01964970370019893 98.24851850099465 1.0341949315894174
438 95 0.0 0.01964970370019893 98.24851850099465 1.0341949315894174
439 95 0.0 0.01964970370019893 98.24851850099465 1.0341949315894174
440 95 0.0 0.01964970370019893 98.24851850099465 1.0341949315894174
441 95 0.0 0.01964970370019893 98.24851850099465 1.0341949315894174
442 95 0.0 0.01964970370019893 98.24851850099465 1.0341949315894174
443 95 0.0 0.01964970370019893 98.24851850099465 1.0341949315894174
444 95 0.0 0.01964970370019893 98.24851850099465 1.0341949315894174
445 95 0.0 0.01964970370019893 98.24851850099465 1.0341949315894174
446 95 0.0 0.01964970370019893 98.24851850099465 1.0341949315894174
447 95 0.0 0.01964970370019893 98.24851850099465 1.0341949315894174
448 95 0.0 0.01964970370019893 98.24851850099465 1.0341949315894174
449 95 0.0 0.01964970370019893 98.24851850099465 1.0341949315894174
450 95 0.0 0.01964970370019893 98.24851850099465 1.0341949315894174
451 95 0.0 0.01964970370019893 98.24851850099465 1.0341949315894174
452 95 0.0 0.01964970370019893 98.24851850099465 1.0341949315894174
453 95 0.0 0.01964970370019893 98.24851850099465 1.0341949315894174
454 95 0.0 0.01964970370019893 98.24851850099465 1.0341949315894174
455 95 0.0 0.01964970370019893 98.24851850099465 1.0341949315894174
456 95 0.0 0.01964970370019893 98.24851850099465 1.0341949315894174
457 95 0.0 0.01964970370019893 98.24851850099465 1.0341949315894174
458 95 0.0 0.01964970370019893 98.24851850099465 1.0341949315894174
459 95 0.0 0.01964970370019893 98.24851850099465 1.0341949315894174
460 95 0.0 0.01964970370019893 98.24851850099465 1.0341949315894174
461 95 0.0 0.01964970370019893 98.24851850099465 1.0341949315894174
462 95 0.0 0.01964970370019893 98.24851850099465 1.0341949315894174
463 95 0.0 0.01964970370019893 98.24851850099465 1.0341949315894174
464 95 0.0 0.02499319637825921 98.24851850099465 1.0341949315894174
465 99 0.0 0.02499319637825921 124.96598189129605 1.3154313883294322
466 99 0.0 0.02499319637825921 124.96598189129605 1.2622826453666267
467 99 0.0 0.02499319637825921 124.96598189129605 1.2622826453666267
468 99 0.0 0.02499319637825921 124.96598189129605 1.2622826453666267
469 99 0.0 0.019721593224349594 124.96598189129605 1.2622826453666267
470 99 0.0 0.019721593224349594 98.60796612174796 0.996040061835838
471 99 0.0 0.019721593224349594 98.60796612174796 0.996040061835838
472 99 0.0 0.019721593224349594 98.60796612174796 0.996040061835838
473 99 0.0 0.019721593224349594 98.60796612174796 0.996040061835838
474 99 0.0 0.019721593224349594 98.60796612174796 0.996040061835838
475 99 0.0 0.020425546868150256 98.60796612174796 0.996040061835838
476 99 0.0 0.020425546868150256 102.12773434075127 1.0315932761692048
477 99 0.0 0.020425546868150256 102.12773434075127 1.0315932761692048
478 99 0.0 0.020425546868150256 102.12773434075127 1.0315932761692048
479 99 0.0 0.020425546868150256 102.12773434075127 1.0315932761692048
480 99 0.0 0.020425546868150256 102.12773434075127 1.0315932761692048
481 99 0.0 0.022691839353441188 102.12773434075127 1.0315932761692048
482 99 0.0 0.022691839353441188 113.45919676720594 1.1460524925980398
483 99 0.0 0.022691839353441188 113.45919676720594 1.1460524925980398
484 99 0.0 0.022691839353441188 113.45919676720594 1.1460524925980398
485 99 0.0 0.016004640756690003 113.45919676720594 1.1460524925980398
486 99 0.0 0.01963488401935225 80.02320378345001 0.8083151897318184
487 99 0.0 0.01963488401935225 98.17442009676125 0.9916608090581944
488 99 0.0 0.01963488401935225 98.17442009676125 0.9916608090581944
489 99 0.0 0.01963488401935225 98.17442009676125 0.9916608090581944
490 99 0.0 0.01963488401935225 98.17442009676125 0.9916608090581944
491 99 0.0 0.01963488401935225 98.17442009676125 0.9916608090581944
492 99 0.0 0.01963488401935225 98.17442009676125 0.9916608090581944
493 99 0.0 0.01963488401935225 98.17442009676125 0.9916608090581944
494 99 0.0 0.01963488401935225 98.17442009676125 0.9916608090581944
495 99 0.0 0.01963488401935225 98.17442009676125 0.9916608090581944
496 99 0.0 0.01963488401935225 98.17442009676125 0.9916608090581944
497 99 0.0 0.01963488401935225 98.17442009676125 0.9916608090581944
498 99 0.0 0.01963488401935225 98.17442009676125 0.9916608090581944
499 99 0.0 0.01963488401935225 98.17442009676125 0.9916608090581944
500 99 0.0 0.01500408274668845 98.17442009676125 0.9916608090581944
501 99 0.0 0.025096709518305033 75.02041373344225 0.7577819569034571
502 99 0.0 0.023977001808082994 125.48354759152517 1.2675105817325774
503 99 0.0 0.023977001808082994 119.88500904041497 1.2109596872769188
504 105 0.0 0.023977001808082994 119.88500904041497 1.2109596872769188
505 105 0.0 0.0156982944129566 119.88500904041497 1.141761990861095
506 105 0.0 0.0156982944129566 78.49147206478301 0.7475378291884096
507 105 0.0 0.0156982944129566 78.49147206478301 0.7475378291884096
508 105 0.0 0.0156982944129566 78.49147206478301 0.7475378291884096
509 105 0.0 0.0156982944129566 78.49147206478301 0.7475378291884096
510 105 0.0 0.0156982944129566 78.49147206478301 0.7475378291884096
511 105 0.0 0.0156982944129566 78.49147206478301 0.7475378291884096
512 105 0.0 0.0156982944129566 78.49147206478301 0.7475378291884096
513 105 0.0 0.0156982944129566 78.49147206478301 0.7475378291884096
514 64 0.0 0.0156982944129566 78.49147206478301 0.7475378291884096
515 64 0.0 0.0156982944129566 78.49147206478301 1.2264292510122345
516 64 0.0 0.0156982944129566 78.49147206478301 1.2264292510122345
517 64 0.0 0.019759851217317985 78.49147206478301 1.2264292510122345
518 64 0.0 0.019759851217317985 98.79925608658992 1.5437383763529675
519 64 0.0 0.019759851217317985 98.79925608658992 1.5437383763529675
520 68 0.0 0.019759851217317985 98.79925608658992 1.5437383763529675
521 75 0.0 0.019759851217317985 98.79925608658992 1.4529302365674988
522 75 0.0 0.019759851217317985 98.79925608658992 1.3173234144878656
523 75 0.0 0.019759851217317985 98.79925608658992 1.3173234144878656
524 75 0.0 0.019759851217317985 98.79925608658992 1.3173234144878656
525 75 0.0 0.019759851217317985 98.79925608658992 1.3173234144878656
526 75 0.0 0.019759851217317985 98.79925608658992 1.3173234144878656
527 75 0.0 0.019759851217317985 98.79925608658992 1.3173234144878656
528 75 0.0 0.019759851217317985 98.79925608658992 1.3173234144878656
529 75 0.0 0.019759851217317985 98.79925608658992 1.3173234144878656
530 75 0.0 0.019759851217317985 98.79925608658992 1.3173234144878656
531 75 0.0 0.019759851217317985 98.79925608658992 1.3173234144878656
532 75 0.0 0.019759851217317985 98.79925608658992 1.3173234144878656
533 75 0.0 0.019759851217317985 98.79925608658992 1.3173234144878656
534 79 0.0 0.019759851217317985 98.79925608658992 1.3173234144878656
535 87 0.0 0.019759851217317985 98.79925608658992 1.250623494766961
536 91 0.0 0.019759851217317985 98.79925608658992 1.1356236331791945
537 91 0.0 0.019759851217317985 98.79925608658992 1.0857061108416475
538 91 0.0 0.019759851217317985 98.79925608658992 1.0857061108416475
539 91 0.0 0.019759851217317985 98.79925608658992 1.0857061108416475
540 91 0.0 0.019759851217317985 98.79925608658992 1.0857061108416475
541 91 0.0 0.019759851217317985 98.79925608658992 1.0857061108416475
542 91 0.0 0.019759851217317985 98.79925608658992 1.0857061108416475
543 91 0.0 0.019759851217317985 98.79925608658992 1.0857061108416475
544 91 0.0 0.019759851217317985 98.79925608658992 1.0857061108416475
545 91 0.0 0.019759851217317985 98.79925608658992 1.0857061108416475
546 91 0.0 0.019759851217317985 98.79925608658992 1.0857061108416475
547 93 0.0 0.015661548663797653 98.79925608658992 1.0857061108416475
548 93 0.0 0.015661548663797653 78.30774331898826 0.8420187453654652
549 93 0.0 0.015661548663797653 78.30774331898826 0.8420187453654652
550 93 0.0 0.015661548663797653 78.30774331898826 0.8420187453654652
551 93 0.0 0.015661548663797653 78.30774331898826 0.8420187453654652
552 93 0.0 0.015661548663797653 78.30774331898826 0.8420187453654652
553 13 0.0 0.015661548663797653 78.30774331898826 0.8420187453654652
554 13 0.0 0.015661548663797653 25.0 1.9230769230769231
555 14 0.0 0.015661548663797653 25.0 1.9230769230769231
556 14 0.0 0.015661548663797653 25.0 1.7857142857142858
557 14 0.0 0.015661548663797653 25.0 1.7857142857142858
558 14 0.0 0.015661548663797653 25.0 1.7857142857142858
559 14 0.0 0.015661548663797653 25.0 1.7857142857142858
560 14 0.0 0.01854862901871247 25.0 1.7857142857142858
561 14 0.0 0.01854862901871247 25.0 1.7857142857142858
562 14 0.0 0.01854862901871247 25.0 1.7857142857142858
563 15 0.0 0.01854862901871247 25.0 1.7857142857142858
564 16 0.0 0.01854862901871247 25.0 1.6666666666666667
565 16 0.0 0.01854862901871247 25.0 1.5625
566 16 0.0 0.01854862901871247 25.0 1.5625
567 16 0.0 0.01854862901871247 25.0 1.5625
568 16 0.0 0.01854862901871247 25.0 1.5625
569 16 0.0 0.01854862901871247 25.0 1.5625
570 16 0.0 0.01854862901871247 25.0 1.5625
571 17 0.0 0.01854862901871247 25.0 1.5625
572 17 0.0 0.01854862901871247 25.0 1.4705882352941178
573 19 0.0 0.01854862901871247 25.0 1.4705882352941178
574 19 0.0 0.01854862901871247 25.0 1.3157894736842106
575 21 0.0 0.01854862901871247 25.0 1.3157894736842106
576 21 0.0 0.01854862901871247 37.5 1.7857142857142858
577 21 0.0 0.01854862901871247 37.5 1.7857142857142858
578 22 0.0 0.01854862901871247 37.5 1.7857142857142858
579 22 0.0 0.01854862901871247 37.5 1.7045454545454546
580 24 0.0 0.01854862901871247 37.5 1.7045454545454546
581 24 0.0 0.01854862901871247 37.5 1.5625
582 24 0.0 0.01854862901871247 37.5 1.5625
583 24 0.0 0.01854862901871247 37.5 1.5625
584 24 0.0 0.01854862901871247 37.5 1.5625
585 24 0.0 0.01854862901871247 37.5 1.5625
586 24 0.0 0.01854862901871247 37.5 1.5625
587 24 0.0 0.01854862901871247 37.5 1.5625
588 24 0.0 0.01854862901871247 37.5 1.5625
589 24 0.0 0.01854862901871247 37.5 1.5625
590 26 0.0 0.01854862901871247 37.5 1.5625
591 26 0.0 0.01854862901871247 37.5 1.4423076923076923
592 26 0.0 0.01854862901871247 37.5 1.4423076923076923
593 26 0.0 0.01854862901871247 37.5 1.4423076923076923
594 26 0.0 0.01854862901871247 37.5 1.4423076923076923
595 26 0.0 0.01854862901871247 37.5 1.4423076923076923
596 26 0.0 0.01854862901871247 37.5 1.4423076923076923
597 26 0.0 0.01854862901871247 37.5 1.4423076923076923
598 26 0.0 0.01854862901871247 37.5 1.4423076923076923
599 28 0.0 0.01854862901871247 37.5 1.4423076923076923
600 28 0.0 0.01854862901871247 37.5 1.3392857142857142
601 28 0.0 0.01854862901871247 37.5 1.3392857142857142
602 28 0.0 0.01854862901871247 37.5 1.3392857142857142
603 28 0.0 0.01854862901871247 37.5 1.3392857142857142
604 28 0.0 0.023112703685985826 37.5 1.3392857142857142
605 28 0.0 0.02360673945126268 37.5 1.3392857142857142
606 28 0.0 0.02360673945126268 37.5 1.3392857142857142
607 28 0.0 0.02360673945126268 37.5 1.3392857142857142
608 28 0.0 0.02360673945126268 37.5 1.3392857142857142
609 28 0.0 0.02360673945126268 37.5 1.3392857142857142
610 28 0.0 0.02360673945126268 37.5 1.3392857142857142
611 28 0.0 0.02360673945126268 37.5 1.3392857142857142
612 28 0.0 0.02360673945126268 37.5 1.3392857142857142
613 28 0.0 0.02360673945126268 37.5 1.3392857142857142
614 28 0.0 0.02360673945126268 37.5 1.3392857142857142
615 28 0.0 0.02360673945126268 37.5 1.3392857142857142
616 28 0.0 0.02360673945126268 37.5 1.3392857142857142
617 28 0.0 0.02360673945126268 37.5 1.3392857142857142
618 28 0.0 0.02360673945126268 37.5 1.3392857142857142
619 31 0.0 0.02360673945126268 37.5 1.3392857142857142
620 32 0.0 0.02360673945126268 50.0 1.6129032258064515
621 32 0.0 0.02360673945126268 50.0 1.5625
622 32 0.0 0.02360673945126268 50.0 1.5625
623 32 0.0 0.02360673945126268 50.0 1.5625
624 32 0.0 0.018054145616688357 50.0 1.5625
625 33 0.0 0.024880056516342376 50.0 1.5625
626 36 0.0 0.024880056516342376 50.0 1.5151515151515151
627 36 0.0 0.024880056516342376 50.0 1.3888888888888888
628 36 0.0 0.024880056516342376 50.0 1.3888888888888888
629 37 0.0 0.024880056516342376 50.0 1.3888888888888888
630 41 0.0 0.024880056516342376 50.0 1.3513513513513513
631 41 0.0 0.024880056516342376 62.5 1.524390243902439
632 41 0.0 0.024880056516342376 62.5 1.524390243902439
633 41 0.0 0.024880056516342376 62.5 1.524390243902439
634 45 0.0 0.024880056516342376 62.5 1.524390243902439
635 45 0.0 0.017460702069552848 62.5 1.3888888888888888
636 45 0.0 0.017460702069552848 62.5 1.3888888888888888
637 45 0.0 0.017460702069552848 62.5 1.3888888888888888
638 45 0.0 0.017460702069552848 62.5 1.3888888888888888
639 45 0.0 0.017460702069552848 62.5 1.3888888888888888
640 45 0.0 0.017460702069552848 62.5 1.3888888888888888
641 45 0.0 0.017460702069552848 62.5 1.3888888888888888
642 49 0.0 0.018849765080815997 62.5 1.3888888888888888
643 49 0.0 0.018849765080815997 75.0 1.530612244897959
644 49 0.0 0.018849765080815997 75.0 1.530612244897959
645 50 0.0 0.018849765080815997 75.0 1.530612244897959
646 50 0.0 0.018849765080815997 75.0 1.5
647 52 0.0 0.018849765080815997 75.0 1.5
648 53 0.0 0.018849765080815997 75.0 1.4423076923076923
649 53 0.0 0.018849765080815997 75.0 1.4150943396226414
650 53 0.0 0.018849765080815997 75.0 1.4150943396226414
651 53 0.0 0.018849765080815997 75.0 1.4150943396226414
652 53 0.0 0.022570400198710046 75.0 1.4150943396226414
653 53 0.0 0.022570400198710046 75.0 1.4150943396226414
654 53 0.0 0.022570400198710046 75.0 1.4150943396226414
655 53 0.0 0.022570400198710046 75.0 1.4150943396226414
656 56 0.0 0.022570400198710046 75.0 1.4150943396226414
657 56 0.0 0.022570400198710046 87.5 1.5625
658 62 0.0 0.022570400198710046 87.5 1.5625
659 62 0.0 0.022570400198710046 87.5 1.4112903225806452
660 62 0.0 0.022570400198710046 87.5 1.4112903225806452
661 62 0.0 0.022570400198710046 87.5 1.4112903225806452
662 62 0.0 0.022570400198710046 87.5 1.4112903225806452
663 62 0.0 0.022570400198710046 87.5 1.4112903225806452
664 62 0.0 0.022570400198710046 87.5 1.4112903225806452
665 62 0.0 0.022570400198710046 87.5 1.4112903225806452
666 62 0.0 0.022570400198710046 87.5 1.4112903225806452
667 62 0.0 0.022570400198710046 87.5 1.4112903225806452
668 62 0.0 0.0165787259289898 87.5 1.4112903225806452
669 62 0.0 0.0165787259289898 82.893629644949 1.3369940265314355
670 62 0.0 0.0165787259289898 82.893629644949 1.3369940265314355
671 65 0.0 0.0165787259289898 82.893629644949 1.3369940265314355
672 68 0.0 0.0165787259289898 82.893629644949 1.2752866099222924
673 72 0.0 0.0165787259289898 82.893629644949 1.219023965366897
674 74 0.0 0.02275903846637911 82.893629644949 1.1513004117354029
675 81 0.0 0.02275903846637911 112.5 1.5202702702702702
676 88 0.0 0.02275903846637911 113.79519233189555 1.4048789176777228
677 88 0.0 0.02275903846637911 113.79519233189555 1.2931271855897222
678 91 0.0 0.016437805707417767 113.79519233189555 1.2931271855897222
679 22 0.0 0.020947313567530462 82.18902853708883 0.9031761377702069
680 22 0.0 0.020947313567530462 37.5 1.7045454545454546
681 22 0.0 0.020947313567530462 37.5 1.7045454545454546
682 22 0.0 0.020947313567530462 37.5 1.7045454545454546
683 22 0.0 0.020947313567530462 37.5 1.7045454545454546
684 22 0.0 0.020947313567530462 37.5 1.7045454545454546
685 23 0.0 0.020947313567530462 37.5 1.7045454545454546
686 23 0.0 0.020947313567530462 37.5 1.6304347826086956
687 23 0.0 0.020947313567530462 37.5 1.6304347826086956
688 23 0.0 0.020947313567530462 37.5 1.6304347826086956
689 23 0.0 0.020947313567530462 37.5 1.6304347826086956
690 23 0.0 0.020947313567530462 37.5 1.6304347826086956
691 23 0.0 0.020947313567530462 37.5 1.6304347826086956
692 25 0.0 0.020947313567530462 37.5 1.6304347826086956
693 25 0.0 0.020947313567530462 37.5 1.5
694 25 0.0 0.020947313567530462 37.5 1.5
695 25 0.0 0.020947313567530462 37.5 1.5
696 25 0.0 0.020947313567530462 37.5 1.5
697 28 0.0 0.02179980309086821 37.5 1.5
698 28 0.0 0.02179980309086821 37.5 1.3392857142857142
699 29 0.0 0.02179980309086821 37.5 1.3392857142857142
700 29 0.0 0.018443051024780187 37.5 1.293103448275862
701 30 0.0 0.018443051024780187 37.5 1.293103448275862
702 30 0.0 0.018443051024780187 50.0 1.6666666666666667
703 30 0.0 0.018443051024780187 50.0 1.6666666666666667
704 30 0.0 0.018443051024780187 50.0 1.6666666666666667
705 30 0.0 0.018443051024780187 50.0 1.6666666666666667
706 32 0.0 0.018443051024780187 50.0 1.6666666666666667
707 32 0.0 0.018443051024780187 50.0 1.5625
708 32 0.0 0.018443051024780187 50.0 1.5625
709 32 0.0 0.018443051024780187 50.0 1.5625
710 32 0.0 0.018443051024780187 50.0 1.5625
711 32 0.0 0.018443051024780187 50.0 1.5625
712 32 0.0 0.018443051024780187 50.0 1.5625
713 34 0.0 0.0198957499507947 50.0 1.5625
714 34 0.0 0.0198957499507947 50.0 1.4705882352941178
715 34 0.0 0.0198957499507947 50.0 1.4705882352941178
716 34 0.0 0.0198957499507947 50.0 1.4705882352941178
717 34 0.0 0.0198957499507947 50.0 1.4705882352941178
718 34 0.0 0.0198957499507947 50.0 1.4705882352941178
719 34 0.0 0.0198957499507947 50.0 1.4705882352941178
720 34 0.0 0.0198957499507947 50.0 1.4705882352941178
721 34 0.0 0.0198957499507947 50.0 1.4705882352941178
722 34 0.0 0.0198957499507947 50.0 1.4705882352941178
723 34 0.0 0.0198957499507947 50.0 1.4705882352941178
724 34 0.0 0.0198957499507947 50.0 1.4705882352941178
725 34 0.0 0.0198957499507947 50.0 1.4705882352941178
726 34 0.0 0.0198957499507947 50.0 1.4705882352941178
727 34 0.0 0.0198957499507947 50.0 1.4705882352941178
728 34 0.0 0.0198957499507947 50.0 1.4705882352941178
729 34 0.0 0.0198957499507947 50.0 1.4705882352941178
730 34 0.0 0.0198957499507947 50.0 1.4705882352941178
731 34 0.0 0.018922832201821994 50.0 1.4705882352941178
732 36 0.0 0.018922832201821994 50.0 1.4705882352941178
733 36 0.0 0.018922832201821994 50.0 1.3888888888888888
734 36 0.0 0.01714057731989168 50.0 1.3888888888888888
735 36 0.0 0.01714057731989168 50.0 1.3888888888888888
736 36 0.0 0.01714057731989168 50.0 1.3888888888888888
737 36 0.0 0.018416485312006906 50.0 1.3888888888888888
738 36 0.0 0.018416485312006906 50.0 1.3888888888888888
739 36 0.0 0.02061105847105735 50.0 1.3888888888888888
740 38 0.0 0.02061105847105735 50.0 1.3888888888888888
741 40 0.0 0.02061105847105735 62.5 1.644736842105263
742 40 0.0 0.02061105847105735 62.5 1.5625
743 40 0.0 0.02061105847105735 62.5 1.5625
744 40 0.0 0.02061105847105735 62.5 1.5625
745 40 0.0 0.014885215520336217 62.5 1.5625
746 42 0.0 0.014885215520336217 62.5 1.5625
747 42 0.0 0.014885215520336217 62.5 1.4880952380952381
748 45 0.0 0.014885215520336217 62.5 1.4880952380952381
749 45 0.0 0.014885215520336217 62.5 1.3888888888888888
750 45 0.0 0.014885215520336217 62.5 1.3888888888888888
751 45 0.0 0.014885215520336217 62.5 1.3888888888888888
752 45 0.0 0.014885215520336217 62.5 1.3888888888888888
753 48 0.0 0.014885215520336217 62.5 1.3888888888888888
754 51 0.0 0.014885215520336217 74.42607760168109 1.550543283368356
755 51 0.0 0.014885215520336217 74.42607760168109 1.4593348549349232
756 51 0.0 0.014885215520336217 74.42607760168109 1.4593348549349232
757 55 0.0 0.014885215520336217 74.42607760168109 1.4593348549349232
758 55 0.0 0.014885215520336217 74.42607760168109 1.3532014109396562
759 55 0.0 0.014885215520336217 74.42607760168109 1.3532014109396562
760 55 0.0 0.014885215520336217 74.42607760168109 1.3532014109396562
761 59 0.0 0.014885215520336217 74.42607760168109 1.3532014109396562
762 59 0.0 0.014885215520336217 74.42607760168109 1.2614589424013742
763 59 0.0 0.014885215520336217 74.42607760168109 1.2614589424013742
764 59 0.0 0.014885215520336217 74.42607760168109 1.2614589424013742
765 62 0.0 0.01632351374758178 74.42607760168109 1.2614589424013742
766 62 0.0 0.01632351374758178 81.6175687379089 1.3164123989985306
767 62 0.0 0.020690620036553677 81.6175687379089 1.3164123989985306
768 62 0.0 0.021530699960999558 87.5 1.4112903225806452
769 62 0.0 0.021530699960999558 87.5 1.4112903225806452
770 64 0.0 0.021530699960999558 87.5 1.4112903225806452
771 64 0.0 0.021530699960999558 100.0 1.5625
772 70 0.0 0.021530699960999558 100.0 1.5625
773 70 0.0 0.021530699960999558 100.0 1.4285714285714286
774 77 0.0 0.021530699960999558 100.0 1.4285714285714286
775 77 0.0 0.021530699960999558 107.6534998049978 1.3980974000649065
776 77 0.0 0.021530699960999558 107.6534998049978 1.3980974000649065
777 79 0.0 0.021530699960999558 107.6534998049978 1.3980974000649065
778 79 0.0 0.021530699960999558 107.6534998049978 1.3627025291771873
779 80 0.0 0.021530699960999558 107.6534998049978 1.3627025291771873
780 83 0.0 0.021530699960999558 107.6534998049978 1.3456687475624725
781 83 0.0 0.021530699960999558 107.6534998049978 1.2970301181325035
782 83 0.0 0.021530699960999558 107.6534998049978 1.2970301181325035
783 91 0.0 0.021530699960999558 107.6534998049978 1.2970301181325035
784 99 0.0 0.021530699960999558 107.6534998049978 1.1830054923626132
785 99 0.0 0.021530699960999558 107.6534998049978 1.0874090889393717
786 99 0.0 0.021530699960999558 107.6534998049978 1.0874090889393717
787 99 0.0 0.021530699960999558 107.6534998049978 1.0874090889393717
788 99 0.0 0.024917540583581553 107.6534998049978 1.0874090889393717
789 99 0.0 0.024917540583581553 124.58770291790776 1.2584616456354318
790 99 0.0 0.024917540583581553 124.58770291790776 1.2584616456354318
791 99 0.0 0.024917540583581553 124.58770291790776 1.2584616456354318
792 99 0.0 0.024917540583581553 124.58770291790776 1.2584616456354318
793 99 0.0 0.024917540583581553 124.58770291790776 1.2584616456354318
794 99 0.0 0.024917540583581553 124.58770291790776 1.2584616456354318
795 101 0.0 0.024917540583581553 124.58770291790776 1.2584616456354318
796 101 0.0 0.01985258329494666 124.58770291790776 1.2335416130485917
797 101 0.0 0.01985258329494666 99.2629164747333 0.9828011532151812
798 101 0.0 0.021095578092626847 99.2629164747333 0.9828011532151812
799 101 0.0 0.021095578092626847 105.47789046313423 1.0443355491399429
800 101 0.0 0.01963478947693149 105.47789046313423 1.0443355491399429
801 101 0.0 0.01963478947693149 98.17394738465745 0.9720192810362124
802 101 0.0 0.01963478947693149 98.17394738465745 0.9720192810362124
803 101 0.0 0.022868857419840488 98.17394738465745 0.9720192810362124
804 107 0.0 0.022868857419840488 114.34428709920245 1.132121654447549
805 107 0.0 0.022868857419840488 114.34428709920245 1.068638197188808
806 107 0.0 0.022868857419840488 114.34428709920245 1.068638197188808
807 107 0.0 0.022868857419840488 114.34428709920245 1.068638197188808
808 107 0.0 0.022868857419840488 114.34428709920245 1.068638197188808
809 107 0.0 0.02086941651586324 114.34428709920245 1.068638197188808
810 85 0.0 0.02086941651586324 104.3470825793162 0.9752063792459458
811 85 0.0 0.02086941651586324 104.3470825793162 1.2276127362272493
812 85 0.0 0.02086941651586324 104.3470825793162 1.2276127362272493
813 85 0.0 0.02086941651586324 104.3470825793162 1.2276127362272493
814 85 0.0 0.02086941651586324 104.3470825793162 1.2276127362272493
815 85 0.0 0.02086941651586324 104.3470825793162 1.2276127362272493
816 85 0.0 0.02086941651586324 104.3470825793162 1.2276127362272493
817 85 0.0 0.02086941651586324 104.3470825793162 1.2276127362272493
818 89 0.0 0.02086941651586324 104.3470825793162 1.2276127362272493
819 89 0.0 0.02086941651586324 104.3470825793162 1.1724391301046764
820 89 0.0 0.02086941651586324 104.3470825793162 1.1724391301046764
821 89 0.0 0.02086941651586324 104.3470825793162 1.1724391301046764
822 89 0.0 0.02086941651586324 104.3470825793162 1.1724391301046764
823 89 0.0 0.02086941651586324 104.3470825793162 1.1724391301046764
824 89 0.0 0.02086941651586324 104.3470825793162 1.1724391301046764
825 89 0.0 0.02086941651586324 104.3470825793162 1.1724391301046764
826 89 0.0 0.02086941651586324 104.3470825793162 1.1724391301046764
827 90 0.0 0.02086941651586324 104.3470825793162 1.1724391301046764
828 90 0.0 0.02086941651586324 104.3470825793162 1.1594120286590688
829 90 0.0 0.02086941651586324 104.3470825793162 1.1594120286590688
830 92 0.0 0.02086941651586324 104.3470825793162 1.1594120286590688
831 92 0.0 0.02086941651586324 104.3470825793162 1.1342074193403935
832 92 0.0 0.02086941651586324 104.3470825793162 1.1342074193403935
833 92 0.0 0.02086941651586324 104.3470825793162 1.1342074193403935
834 92 0.0 0.02086941651586324 104.3470825793162 1.1342074193403935
835 93 0.0 0.02086941651586324 104.3470825793162 1.1342074193403935
836 93 0.0 0.02086941651586324 104.3470825793162 1.1220116406378084
837 93 0.0 0.02086941651586324 104.3470825793162 1.1220116406378084
838 93 0.0 0.02086941651586324 104.3470825793162 1.1220116406378084
839 97 0.0 0.02086941651586324 104.3470825793162 1.1220116406378084
840 100 0.0 0.02086941651586324 104.3470825793162 1.0757431193743938
841 100 0.0 0.02086941651586324 104.3470825793162 1.043470825793162
842 100 0.0 0.02086941651586324 104.3470825793162 1.043470825793162
843 100 0.0 0.02086941651586324 104.3470825793162 1.043470825793162
844 100 0.0 0.02086941651586324 104.3470825793162 1.043470825793162
845 100 0.0 0.02086941651586324 104.3470825793162 1.043470825793162
846 100 0.0 0.02086941651586324 104.3470825793162 1.043470825793162
847 100 0.0 0.02086941651586324 104.3470825793162 1.043470825793162
848 100 0.0 0.02086941651586324 104.3470825793162 1.043470825793162
849 100 0.0 0.02086941651586324 104.3470825793162 1.043470825793162
850 103 0.0 0.02086941651586324 104.3470825793162 1.043470825793162
851 103 0.0 0.02086941651586324 104.3470825793162 1.0130784716438466
852 103 0.0 0.02171219299275389 104.3470825793162 1.0130784716438466
853 103 0.0 0.02171219299275389 108.56096496376945 1.0539899511045578
854 103 0.0 0.02171219299275389 108.56096496376945 1.0539899511045578
855 103 0.0 0.02171219299275389 108.56096496376945 1.0539899511045578
856 103 0.0 0.02171219299275389 108.56096496376945 1.0539899511045578
857 103 0.0 0.02171219299275389 108.56096496376945 1.0539899511045578
858 103 0.0 0.02171219299275389 108.56096496376945 1.0539899511045578
859 103 0.0 0.02171219299275389 108.56096496376945 1.0539899511045578
860 103 0.0 0.02171219299275389 108.56096496376945 1.0539899511045578
861 103 0.0 0.02171219299275389 108.56096496376945 1.0539899511045578
862 103 0.0 0.02171219299275389 108.56096496376945 1.0539899511045578
863 103 0.0 0.02171219299275389 108.56096496376945 1.0539899511045578
864 103 0.0 0.02171219299275389 108.56096496376945 1.0539899511045578
865 103 0.0 0.02171219299275389 108.56096496376945 1.0539899511045578
866 103 0.0 0.02171219299275389 108.56096496376945 1.0539899511045578
867 103 0.0 0.02171219299275389 108.56096496376945 1.0539899511045578
868 103 0.0 0.02171219299275389 108.56096496376945 1.0539899511045578
869 103 0.0 0.01746451179921231 108.56096496376945 1.0539899511045578
870 103 0.0 0.01746451179921231 87.32255899606155 0.8477918349132189
871 103 0.0 0.01746451179921231 87.32255899606155 0.8477918349132189
872 103 0.0 0.01746451179921231 87.32255899606155 0.8477918349132189
873 103 0.0 0.01746451179921231 87.32255899606155 0.8477918349132189
874 103 0.0 0.01746451179921231 87.32255899606155 0.8477918349132189
875 103 0.0 0.01746451179921231 87.32255899606155 0.8477918349132189
876 103 0.0 0.01746451179921231 87.32255899606155 0.8477918349132189
877 103 0.0 0.01746451179921231 87.32255899606155 0.8477918349132189
878 72 0.0 0.01746451179921231 87.32255899606155 0.8477918349132189
879 72 0.0 0.023961563319729155 87.32255899606155 1.2128133193897437
880 72 0.0 0.023961563319729155 112.5 1.5625
881 72 0.0 0.023961563319729155 112.5 1.5625
882 72 0.0 0.023961563319729155 112.5 1.5625
883 73 0.0 0.023961563319729155 112.5 1.5625
884 73 0.0 0.023961563319729155 112.5 1.5410958904109588
885 73 0.0 0.023961563319729155 112.5 1.5410958904109588
886 73 0.0 0.023961563319729155 112.5 1.5410958904109588
887 73 0.0 0.023961563319729155 112.5 1.5410958904109588
888 73 0.0 0.023961563319729155 112.5 1.5410958904109588
889 74 0.0 0.023961563319729155 112.5 1.5410958904109588
890 74 0.0 0.023961563319729155 112.5 1.5202702702702702
891 74 0.0 0.016685684122621804 112.5 1.5202702702702702
892 74 0.0 0.016685684122621804 83.42842061310903 1.1274110893663383
893 74 0.0 0.016685684122621804 83.42842061310903 1.1274110893663383
894 74 0.0 0.016685684122621804 83.42842061310903 1.1274110893663383
895 74 0.0 0.016685684122621804 83.42842061310903 1.1274110893663383
896 74 0.0 0.021072640851258855 83.42842061310903 1.1274110893663383
897 74 0.0 0.021072640851258855 105.36320425629428 1.4238270845445173
898 74 0.0 0.021072640851258855 105.36320425629428 1.4238270845445173
899 78 0.0 0.021072640851258855 105.36320425629428 1.4238270845445173
900 78 0.0 0.019012222989676423 105.36320425629428 1.3508103109781318
901 78 0.0 0.02009292945939909 95.06111494838211 1.2187322429279759
902 83 0.0 0.017692259894861284 100.46464729699545 1.2880082986794288
903 83 0.0 0.017692259894861284 88.46129947430641 1.0657987888470652
904 83 0.0 0.017692259894861284 88.46129947430641 1.0657987888470652
905 83 0.0 0.017692259894861284 88.46129947430641 1.0657987888470652
906 83 0.0 0.017692259894861284 88.46129947430641 1.0657987888470652
907 83 0.0 0.017692259894861284 88.46129947430641 1.0657987888470652
908 83 0.0 0.017692259894861284 88.46129947430641 1.0657987888470652
909 83 0.0 0.019782069440803997 88.46129947430641 1.0657987888470652
910 83 0.0 0.019782069440803997 98.91034720401998 1.1916909301689156
911 83 0.0 0.019782069440803997 98.91034720401998 1.1916909301689156
912 83 0.0 0.019782069440803997 98.91034720401998 1.1916909301689156
913 83 0.0 0.019782069440803997 98.91034720401998 1.1916909301689156
914 83 0.0 0.019782069440803997 98.91034720401998 1.1916909301689156
915 83 0.0 0.019782069440803997 98.91034720401998 1.1916909301689156
916 83 0.0 0.019782069440803997 98.91034720401998 1.1916909301689156
917 85 0.0 0.019782069440803997 98.91034720401998 1.1916909301689156
918 85 0.0 0.019782069440803997 98.91034720401998 1.1636511435767056
919 85 0.0 0.019782069440803997 98.91034720401998 1.1636511435767056
920 85 0.0 0.021394340271912737 98.91034720401998 1.1636511435767056
921 85 0.0 0.021394340271912737 106.97170135956368 1.258490604230161
922 85 0.0 0.021394340271912737 106.97170135956368 1.258490604230161
923 85 0.0 0.016200437903065728 106.97170135956368 1.258490604230161
924 85 0.0 0.016200437903065728 81.00218951532864 0.9529669354744545
925 85 0.0 0.016200437903065728 81.00218951532864 0.9529669354744545
926 85 0.0 0.016200437903065728 81.00218951532864 0.9529669354744545
927 85 0.0 0.016200437903065728 81.00218951532864 0.9529669354744545
928 85 0.0 0.016200437903065728 81.00218951532864 0.9529669354744545
929 85 0.0 0.016200437903065728 81.00218951532864 0.9529669354744545
930 85 0.0 0.016200437903065728 81.00218951532864 0.9529669354744545
931 85 0.0 0.016200437903065728 81.00218951532864 0.9529669354744545
932 85 0.0 0.016200437903065728 81.00218951532864 0.9529669354744545
933 85 0.0 0.016200437903065728 81.00218951532864 0.9529669354744545
934 85 0.0 0.016200437903065728 81.00218951532864 0.9529669354744545
935 37 0.0 0.016200437903065728 81.00218951532864 0.9529669354744545
936 39 0.0 0.018620952525847025 50.0 1.3513513513513513
937 39 0.0 0.018620952525847025 62.5 1.6025641025641026
938 39 0.0 0.018620952525847025 62.5 1.6025641025641026
939 39 0.0 0.018620952525847025 62.5 1.6025641025641026
940 39 0.0 0.018620952525847025 62.5 1.6025641025641026
941 42 0.0 0.018620952525847025 62.5 1.6025641025641026
942 45 0.0 0.018620952525847025 62.5 1.4880952380952381
943 45 0.0 0.018620952525847025 62.5 1.3888888888888888
944 45 0.0 0.018620952525847025 62.5 1.3888888888888888
945 45 0.0 0.017158621748144254 62.5 1.3888888888888888
946 47 0.0 0.017158621748144254 62.5 1.3888888888888888
947 47 0.0 0.017158621748144254 75.0 1.5957446808510638
948 47 0.0 0.017158621748144254 75.0 1.5957446808510638
949 47 0.0 0.017158621748144254 75.0 1.5957446808510638
950 47 0.0 0.017158621748144254 75.0 1.5957446808510638
951 47 0.0 0.017158621748144254 75.0 1.5957446808510638
952 52 0.0 0.015927882739123232 75.0 1.5957446808510638
953 52 0.0 0.0254461744542344 75.0 1.4423076923076923
954 52 0.0 0.0254461744542344 75.0 1.4423076923076923
955 52 0.0 0.0254461744542344 75.0 1.4423076923076923
956 52 0.0 0.0254461744542344 75.0 1.4423076923076923
957 52 0.0 0.0254461744542344 75.0 1.4423076923076923
958 52 0.0 0.0254461744542344 75.0 1.4423076923076923
959 52 0.0 0.0254461744542344 75.0 1.4423076923076923
960 52 0.0 0.0254461744542344 75.0 1.4423076923076923
961 52 0.0 0.0254461744542344 75.0 1.4423076923076923
962 57 0.0 0.022986796699367183 75.0 1.4423076923076923
963 57 0.0 0.02419796651232235 87.5 1.5350877192982457
964 59 0.0 0.02419796651232235 87.5 1.5350877192982457
965 63 0.0 0.02419796651232235 87.5 1.4830508474576272
966 63 0.0 0.02307792211147805 100.0 1.5873015873015872
967 63 0.0 0.02307792211147805 100.0 1.5873015873015872
968 63 0.0 0.02010387642695048 100.0 1.5873015873015872
969 63 0.0 0.02010387642695048 100.0 1.5873015873015872
970 63 0.0 0.02010387642695048 100.0 1.5873015873015872
971 63 0.0 0.02010387642695048 100.0 1.5873015873015872
972 63 0.0 0.02010387642695048 100.0 1.5873015873015872
973 64 0.0 0.02010387642695048 100.0 1.5873015873015872
974 64 0.0 0.02010387642695048 100.0 1.5625
975 64 0.0 0.02010387642695048 100.0 1.5625
976 64 0.0 0.02011886001473987 100.0 1.5625
977 64 0.0 0.02011886001473987 100.0 1.5625
978 67 0.0 0.019724807985988697 100.0 1.5625
979 67 0.0 0.019724807985988697 98.62403992994349 1.4720005959693059
980 72 0.0 0.019724807985988697 98.62403992994349 1.4720005959693059
981 72 0.0 0.019724807985988697 98.62403992994349 1.3697783323603263
982 78 0.0 0.019724807985988697 98.62403992994349 1.3697783323603263
983 78 0.0 0.019724807985988697 98.62403992994349 1.264410768332609
984 78 0.0 0.019724807985988697 98.62403992994349 1.264410768332609
985 78 0.0 0.019724807985988697 98.62403992994349 1.264410768332609
986 78 0.0 0.019724807985988697 98.62403992994349 1.264410768332609
987 78 0.0 0.019724807985988697 98.62403992994349 1.264410768332609
988 78 0.0 0.019724807985988697 98.62403992994349 1.264410768332609
989 78 0.0 0.019724807985988697 98.62403992994349 1.264410768332609
990 78 0.0 0.019724807985988697 98.62403992994349 1.264410768332609
991 78 0.0 0.019724807985988697 98.62403992994349 1.264410768332609
992 86 0.0 0.019724807985988697 98.62403992994349 1.264410768332609
993 86 0.0 0.019724807985988697 98.62403992994349 1.146791161976087
994 86 0.0 0.019724807985988697 98.62403992994349 1.146791161976087
995 86 0.0 0.019724807985988697 98.62403992994349 1.146791161976087
996 86 0.0 0.019724807985988697 98.62403992994349 1.146791161976087
997 86 0.0 0.019724807985988697 98.62403992994349 1.146791161976087
998 86 0.0 0.01195564283969163 98.62403992994349 1.146791161976087
999 86 0.0 0.01195564283969163 59.778214198458144 0.6950955139355598
1000 86 0.0 0.01195564283969163 59.778214198458144 0.6950955139355598
1001 86 0.0 0.01195564283969163 59.778214198458144 0.6950955139355598
1002 86 0.0 0.01195564283969163 59.778214198458144 0.6950955139355598
1003 86 0.0 0.01195564283969163 59.778214198458144 0.6950955139355598
1004 86 0.0 0.01195564283969163 59.778214198458144 0.6950955139355598
1005 86 0.0 0.01195564283969163 59.778214198458144 0.6950955139355598
1006 86 0.0 0.01195564283969163 59.778214198458144 0.6950955139355598
1007 86 0.0 0.01195564283969163 59.778214198458144 0.6950955139355598
1008 86 0.0 0.01195564283969163 59.778214198458144 0.6950955139355598
1009 86 0.0 0.01195564283969163 59.778214198458144 0.6950955139355598
1010 86 0.0 0.01195564283969163 59.778214198458144 0.6950955139355598
1011 59 0.0 0.01195564283969163 59.778214198458144 0.6950955139355598
1012 59 0.0 0.01195564283969163 59.778214198458144 1.0131900711603075
1013 59 0.0 0.016382114017592885 59.778214198458144 1.0131900711603075
1014 59 0.0 0.016382114017592885 81.91057008796443 1.3883147472536344
1015 59 0.0 0.016382114017592885 81.91057008796443 1.3883147472536344
1016 61 0.0 0.016382114017592885 81.91057008796443 1.3883147472536344
1017 61 0.0 0.016382114017592885 81.91057008796443 1.3427962309502366
1018 61 0.0 0.018684467795278246 81.91057008796443 1.3427962309502366
1019 61 0.0 0.018684467795278246 87.5 1.4344262295081966
1020 61 0.0 0.018684467795278246 87.5 1.4344262295081966
1021 61 0.0 0.018684467795278246 87.5 1.4344262295081966
1022 61 0.0 0.018684467795278246 87.5 1.4344262295081966
1023 61 0.0 0.021855314246299714 87.5 1.4344262295081966
1024 61 0.0 0.021855314246299714 87.5 1.4344262295081966
1025 61 0.0 0.021855314246299714 87.5 1.4344262295081966
1026 61 0.0 0.021855314246299714 87.5 1.4344262295081966
1027 61 0.0 0.021855314246299714 87.5 1.4344262295081966
1028 61 0.0 0.021855314246299714 87.5 1.4344262295081966
1029 61 0.0 0.021855314246299714 87.5 1.4344262295081966
1030 67 0.0 0.021855314246299714 87.5 1.4344262295081966
1031 67 0.0 0.021855314246299714 100.0 1.492537313432836
1032 67 0.0 0.021855314246299714 100.0 1.492537313432836
1033 67 0.0 0.021855314246299714 100.0 1.492537313432836
1034 67 0.0 0.021855314246299714 100.0 1.492537313432836
1035 67 0.0 0.021855314246299714 100.0 1.492537313432836
1036 67 0.0 0.021855314246299714 100.0 1.492537313432836
1037 71 0.0 0.021855314246299714 100.0 1.492537313432836
1038 71 0.0 0.021855314246299714 109.27657123149856 1.5391066370633602
1039 72 0.0 0.021855314246299714 109.27657123149856 1.5391066370633602
1040 72 0.0 0.021855314246299714 109.27657123149856 1.5177301559930356
1041 72 0.0 0.021855314246299714 109.27657123149856 1.5177301559930356
1042 72 0.0 0.021855314246299714 109.27657123149856 1.5177301559930356
1043 72 0.0 0.02031069165322654 109.27657123149856 1.5177301559930356
1044 75 0.0 0.02031069165322654 101.55345826613271 1.410464698140732
1045 75 0.0 0.02031069165322654 101.55345826613271 1.3540461102151027
1046 75 0.0 0.02031069165322654 101.55345826613271 1.3540461102151027
1047 75 0.0 0.024309993129962994 101.55345826613271 1.3540461102151027
1048 75 0.0 0.02224577304523228 112.5 1.5
1049 75 0.0 0.02224577304523228 111.2288652261614 1.4830515363488188
1050 75 0.0 0.02224577304523228 111.2288652261614 1.4830515363488188
1051 78 0.0 0.02224577304523228 111.2288652261614 1.4830515363488188
1052 83 0.0 0.02224577304523228 111.2288652261614 1.426011092643095
1053 83 0.0 0.02224577304523228 111.2288652261614 1.3401068099537519
1054 83 0.0 0.02224577304523228 111.2288652261614 1.3401068099537519
1055 83 0.0 0.02224577304523228 111.2288652261614 1.3401068099537519
1056 84 0.0 0.02224577304523228 111.2288652261614 1.3401068099537519
1057 84 0.0 0.02224577304523228 111.2288652261614 1.3241531574543024
1058 84 0.0 0.024519411267351174 111.2288652261614 1.3241531574543024
1059 84 0.0 0.024519411267351174 122.59705633675587 1.4594887659137603
1060 84 0.0 0.024519411267351174 122.59705633675587 1.4594887659137603
1061 84 0.0 0.024519411267351174 122.59705633675587 1.4594887659137603
1062 87 0.0 0.024519411267351174 122.59705633675587 1.4594887659137603
1063 87 0.0 0.024519411267351174 122.59705633675587 1.409161567089148
1064 91 0.0 0.025950019719460315 122.59705633675587 1.409161567089148
1065 91 0.0 0.018111351588871786 129.7500985973016 1.4258252593110063
1066 91 0.0 0.018111351588871786 90.55675794435894 0.9951292081797685
1067 91 0.0 0.02002702481016705 90.55675794435894 0.9951292081797685
1068 91 0.0 0.02002702481016705 100.13512405083524 1.1003859785806072
1069 91 0.0 0.02002702481016705 100.13512405083524 1.1003859785806072
1070 91 0.0 0.02002702481016705 100.13512405083524 1.1003859785806072
1071 91 0.0 0.02002702481016705 100.13512405083524 1.1003859785806072
1072 99 0.0 0.02002702481016705 100.13512405083524 1.1003859785806072
1073 99 0.0 0.02002702481016705 100.13512405083524 1.0114658995033863
1074 99 0.0 0.015523777841379306 100.13512405083524 1.0114658995033863
1075 99 0.0 0.015523777841379306 77.61888920689653 0.7840291839080458
1076 99 0.0 0.015523777841379306 77.61888920689653 0.7840291839080458
1077 22 0.0 0.018563169138081256 77.61888920689653 0.7840291839080458
1078 24 0.0 0.018563169138081256 37.5 1.7045454545454546
1079 24 0.0 0.018563169138081256 37.5 1.5625
1080 25 0.0 0.022820525210617428 37.5 1.5625
1081 27 0.0 0.022820525210617428 37.5 1.5
1082 28 0.0 0.022820525210617428 37.5 1.3888888888888888
1083 28 0.0 0.022820525210617428 37.5 1.3392857142857142
1084 29 0.0 0.022820525210617428 37.5 1.3392857142857142
1085 31 0.0 0.022820525210617428 37.5 1.293103448275862
1086 31 0.0 0.022820525210617428 50.0 1.6129032258064515
1087 31 0.0 0.022820525210617428 50.0 1.6129032258064515
1088 33 0.0 0.022820525210617428 50.0 1.6129032258064515
1089 33 0.0 0.022820525210617428 50.0 1.5151515151515151
1090 33 0.0 0.022820525210617428 50.0 1.5151515151515151
1091 33 0.0 0.022820525210617428 50.0 1.5151515151515151
1092 36 0.0 0.022820525210617428 50.0 1.5151515151515151
1093 36 0.0 0.022820525210617428 50.0 1.3888888888888888
1094 40 0.0 0.022820525210617428 50.0 1.3888888888888888
1095 40 0.0 0.022820525210617428 62.5 1.5625
1096 40 0.0 0.022820525210617428 62.5 1.5625
1097 40 0.0 0.022820525210617428 62.5 1.5625
1098 40 0.0 0.01966508791338632 62.5 1.5625
1099 40 0.0 0.01966508791338632 62.5 1.5625
1100 43 0.0 0.01966508791338632 62.5 1.5625
1101 46 0.0 0.01966508791338632 62.5 1.4534883720930232
1102 48 0.0 0.0189581611490421 75.0 1.6304347826086956
1103 50 0.0 0.0189581611490421 75.0 1.5625
1104 50 0.0 0.0189581611490421 75.0 1.5
1105 50 0.0 0.0189581611490421 75.0 1.5
1106 50 0.0 0.0189581611490421 75.0 1.5
1107 54 0.0 0.0189581611490421 75.0 1.5
1108 54 0.0 0.0189581611490421 75.0 1.3888888888888888
1109 54 0.0 0.0189581611490421 75.0 1.3888888888888888
1110 58 0.0 0.0189581611490421 75.0 1.3888888888888888
1111 63 0.0 0.0189581611490421 87.5 1.5086206896551724
1112 63 0.0 0.020758942843234877 94.79080574521049 1.5046159642096903
1113 63 0.0 0.020758942843234877 100.0 1.5873015873015872
1114 63 0.0 0.0193962489456502 100.0 1.5873015873015872
1115 64 0.0 0.0193962489456502 96.98124472825099 1.5393848369563647
1116 64 0.0 0.01617294444993393 96.98124472825099 1.5153319488789216
1117 66 0.0 0.01617294444993393 80.86472224966964 1.2635112851510881
1118 66 0.0 0.01617294444993393 80.86472224966964 1.225223064388934
1119 66 0.0 0.01617294444993393 80.86472224966964 1.225223064388934
1120 66 0.0 0.01617294444993393 80.86472224966964 1.225223064388934
1121 66 0.0 0.01617294444993393 80.86472224966964 1.225223064388934
1122 66 0.0 0.01617294444993393 80.86472224966964 1.225223064388934
1123 66 0.0 0.01617294444993393 80.86472224966964 1.225223064388934
1124 66 0.0 0.01617294444993393 80.86472224966964 1.225223064388934
1125 66 0.0 0.01617294444993393 80.86472224966964 1.225223064388934
1126 66 0.0 0.01617294444993393 80.86472224966964 1.225223064388934
1127 66 0.0 0.01617294444993393 80.86472224966964 1.225223064388934
1128 66 0.0 0.01617294444993393 80.86472224966964 1.225223064388934
1129 66 0.0 0.01617294444993393 80.86472224966964 1.225223064388934
1130 66 0.0 0.01617294444993393 80.86472224966964 1.225223064388934
1131 66 0.0 0.01617294444993393 80.86472224966964 1.225223064388934
1132 66 0.0 0.01617294444993393 80.86472224966964 1.225223064388934
1133 66 0.0 0.01617294444993393 80.86472224966964 1.225223064388934
1134 66 0.0 0.01617294444993393 80.86472224966964 1.225223064388934
1135 66 0.0 0.01617294444993393 80.86472224966964 1.225223064388934
1136 66 0.0 0.01617294444993393 80.86472224966964 1.225223064388934
1137 66 0.0 0.018404229790370676 80.86472224966964 1.225223064388934
1138 66 0.0 0.020025796594143195 92.02114895185338 1.3942598326038391
1139 66 0.0 0.020025796594143195 100.0 1.5151515151515151
1140 66 0.0 0.020025796594143195 100.0 1.5151515151515151
1141 66 0.0 0.020025796594143195 100.0 1.5151515151515151
1142 66 0.0 0.020025796594143195 100.0 1.5151515151515151
1143 66 0.0 0.020025796594143195 100.0 1.5151515151515151
1144 66 0.0 0.020025796594143195 100.0 1.5151515151515151
1145 72 0.0 0.013645772465458887 100.0 1.5151515151515151
1146 72 0.0 0.013645772465458887 68.22886232729444 0.9476230878790894
1147 72 0.0 0.013645772465458887 68.22886232729444 0.9476230878790894
1148 72 0.0 0.013645772465458887 68.22886232729444 0.9476230878790894
1149 72 0.0 0.013645772465458887 68.22886232729444 0.9476230878790894
1150 72 0.0 0.013645772465458887 68.22886232729444 0.9476230878790894
1151 72 0.0 0.021181566707836868 68.22886232729444 0.9476230878790894
1152 72 0.0 0.021181566707836868 105.90783353918434 1.4709421324886713
1153 72 0.0 0.021181566707836868 105.90783353918434 1.4709421324886713
1154 72 0.0 0.021181566707836868 105.90783353918434 1.4709421324886713
1155 72 0.0 0.021181566707836868 105.90783353918434 1.4709421324886713
1156 76 0.0 0.021181566707836868 105.90783353918434 1.4709421324886713
1157 76 0.0 0.021181566707836868 105.90783353918434 1.3935241255155835
1158 76 0.0 0.021181566707836868 105.90783353918434 1.3935241255155835
1159 76 0.0 0.021181566707836868 105.90783353918434 1.3935241255155835
1160 79 0.0 0.021181566707836868 105.90783353918434 1.3935241255155835
1161 79 0.0 0.021181566707836868 105.90783353918434 1.3406054878377764
1162 86 0.0 0.021181566707836868 105.90783353918434 1.3406054878377764
1163 95 0.0 0.021181566707836868 105.90783353918434 1.2314864365021434
1164 95 0.0 0.021181566707836868 105.90783353918434 1.1148193004124667
1165 95 0.0 0.021181566707836868 105.90783353918434 1.1148193004124667
1166 95 0.0 0.021181566707836868 105.90783353918434 1.1148193004124667
1167 95 0.0 0.021181566707836868 105.90783353918434 1.1148193004124667
1168 95 0.0 0.021181566707836868 105.90783353918434 1.1148193004124667
1169 95 0.0 0.021181566707836868 105.90783353918434 1.1148193004124667
1170 95 0.0 0.021181566707836868 105.90783353918434 1.1148193004124667
1171 95 0.0 0.021181566707836868 105.90783353918434 1.1148193004124667
1172 95 0.0 0.021181566707836868 105.90783353918434 1.1148193004124667
1173 95 0.0 0.021181566707836868 105.90783353918434 1.1148193004124667
1174 95 0.0 0.021181566707836868 105.90783353918434 1.1148193004124667
1175 95 0.0 0.021181566707836868 105.90783353918434 1.1148193004124667
1176 95 0.0 0.021181566707836868 105.90783353918434 1.1148193004124667
1177 95 0.0 0.021181566707836868 105.90783353918434 1.1148193004124667
1178 95 0.0 0.021181566707836868 105.90783353918434 1.1148193004124667
1179 95 0.0 0.021181566707836868 105.90783353918434 1.1148193004124667
1180 95 0.0 0.021181566707836868 105.90783353918434 1.1148193004124667
1181 95 0.0 0.021181566707836868 105.90783353918434 1.1148193004124667
1182 95 0.0 0.021181566707836868 105.90783353918434 1.1148193004124667
1183 95 0.0 0.021181566707836868 105.90783353918434 1.1148193004124667
1184 95 0.0 0.021181566707836868 105.90783353918434 1.1148193004124667
1185 95 0.0 0.021181566707836868 105.90783353918434 1.1148193004124667
1186 95 0.0 0.021181566707836868 105.90783353918434 1.1148193004124667
1187 95 0.0 0.021181566707836868 105.90783353918434 1.1148193004124667
1188 95 0.0 0.021181566707836868 105.90783353918434 1.1148193004124667
1189 95 0.0 0.021181566707836868 105.90783353918434 1.1148193004124667
1190 95 0.0 0.021181566707836868 105.90783353918434 1.1148193004124667
1191 95 0.0 0.021181566707836868 105.90783353918434 1.1148193004124667
1192 95 0.0 0.021181566707836868 105.90783353918434 1.1148193004124667
1193 95 0.0 0.021181566707836868 105.90783353918434 1.1148193004124667
1194 95 0.0 0.021181566707836868 105.90783353918434 1.1148193004124667
1195 102 0.0 0.021181566707836868 105.90783353918434 1.1148193004124667
1196 102 0.0 0.021181566707836868 105.90783353918434 1.0383120935214152
1197 102 0.0 0.021181566707836868 105.90783353918434 1.0383120935214152
1198 102 0.0 0.021181566707836868 105.90783353918434 1.0383120935214152
1199 102 0.0 0.017847732487249034 105.90783353918434 1.0383120935214152
1200 102 0.0 0.017847732487249034 89.23866243624518 0.8748888474141684
1201 102 0.0 0.019014419587486113 89.23866243624518 0.8748888474141684
1202 102 0.0 0.019014419587486113 95.07209793743057 0.932079391543437
1203 102 0.0 0.019014419587486113 95.07209793743057 0.932079391543437
1204 102 0.0 0.019014419587486113 95.07209793743057 0.932079391543437
1205 102 0.0 0.019014419587486113 95.07209793743057 0.932079391543437
1206 102 0.0 0.019014419587486113 95.07209793743057 0.932079391543437
1207 102 0.0 0.019014419587486113 95.07209793743057 0.932079391543437
1208 102 0.0 0.019014419587486113 95.07209793743057 0.932079391543437
1209 102 0.0 0.019014419587486113 95.07209793743057 0.932079391543437
1210 102 0.0 0.019014419587486113 95.07209793743057 0.932079391543437
1211 102 0.0 0.019014419587486113 95.07209793743057 0.932079391543437
1212 102 0.0 0.019014419587486113 95.07209793743057 0.932079391543437
1213 102 0.0 0.019014419587486113 95.07209793743057 0.932079391543437
1214 102 0.0 0.019014419587486113 95.07209793743057 0.932079391543437
1215 102 0.0 0.019014419587486113 95.07209793743057 0.932079391543437
1216 102 0.0 0.019014419587486113 95.07209793743057 0.932079391543437
1217 102 0.0 0.019014419587486113 95.07209793743057 0.932079391543437
1218 102 0.0 0.019014419587486113 95.07209793743057 0.932079391543437
1219 102 0.0 0.019014419587486113 95.07209793743057 0.932079391543437
1220 102 0.0 0.019014419587486113 95.07209793743057 0.932079391543437
1221 102 0.0 0.019014419587486113 95.07209793743057 0.932079391543437
1222 102 0.0 0.019014419587486113 95.07209793743057 0.932079391543437
1223 102 0.0 0.019147516864995155 95.07209793743057 0.932079391543437
1224 102 0.0 0.019147516864995155 95.73758432497577 0.9386037678919193
1225 102 0.0 0.019147516864995155 95.73758432497577 0.9386037678919193
1226 102 0.0 0.019147516864995155 95.73758432497577 0.9386037678919193
1227 102 0.0 0.019147516864995155 95.73758432497577 0.9386037678919193
1228 30 0.0 0.019147516864995155 95.73758432497577 0.9386037678919193
1229 30 0.0 0.019147516864995155 50.0 1.6666666666666667
1230 32 0.0 0.019147516864995155 50.0 1.6666666666666667
1231 32 0.0 0.019147516864995155 50.0 1.5625
1232 32 0.0 0.019147516864995155 50.0 1.5625
1233 33 0.0 0.019147516864995155 50.0 1.5625
1234 33 0.0 0.02343057629555838 50.0 1.5151515151515151
1235 36 0.0 0.02343057629555838 50.0 1.5151515151515151
1236 36 0.0 0.02343057629555838 50.0 1.3888888888888888
1237 36 0.0 0.02343057629555838 50.0 1.3888888888888888
1238 36 0.0 0.02343057629555838 50.0 1.3888888888888888
1239 36 0.0 0.02343057629555838 50.0 1.3888888888888888
1240 36 0.0 0.02343057629555838 50.0 1.3888888888888888
1241 37 0.0 0.02343057629555838 50.0 1.3888888888888888
1242 37 0.0 0.02343057629555838 50.0 1.3513513513513513
1243 40 0.0 0.02343057629555838 50.0 1.3513513513513513
1244 40 0.0 0.02343057629555838 62.5 1.5625
1245 40 0.0 0.02343057629555838 62.5 1.5625
1246 40 0.0 0.02343057629555838 62.5 1.5625
1247 40 0.0 0.02343057629555838 62.5 1.5625
1248 40 0.0 0.02343057629555838 62.5 1.5625
1249 40 0.0 0.02343057629555838 62.5 1.5625
1250 41 0.0 0.02343057629555838 62.5 1.5625
1251 41 0.0 0.02343057629555838 62.5 1.524390243902439
1252 44 0.0 0.02343057629555838 62.5 1.524390243902439
1253 44 0.0 0.02343057629555838 62.5 1.4204545454545454
1254 46 0.0 0.02343057629555838 62.5 1.4204545454545454
1255 49 0.0 0.02343057629555838 75.0 1.6304347826086956
1256 49 0.0 0.02343057629555838 75.0 1.530612244897959
1257 49 0.0 0.02343057629555838 75.0 1.530612244897959
1258 53 0.0 0.02343057629555838 75.0 1.530612244897959
1259 53 0.0 0.02343057629555838 75.0 1.4150943396226414
1260 57 0.0 0.02343057629555838 75.0 1.4150943396226414
1261 59 0.0 0.02343057629555838 87.5 1.5350877192982457
1262 59 0.0 0.02343057629555838 87.5 1.4830508474576272
1263 59 0.0 0.02343057629555838 87.5 1.4830508474576272
1264 62 0.0 0.02343057629555838 87.5 1.4830508474576272
1265 62 0.0 0.02343057629555838 87.5 1.4112903225806452
1266 68 0.0 0.02343057629555838 87.5 1.4112903225806452
1267 73 0.0 0.02343057629555838 100.0 1.4705882352941178
1268 73 0.0 0.02343057629555838 112.5 1.5410958904109588
1269 73 0.0 0.02343057629555838 112.5 1.5410958904109588
1270 80 0.0 0.02343057629555838 112.5 1.5410958904109588
1271 86 0.0 0.02343057629555838 117.15288147779191 1.4644110184723989
1272 86 0.0 0.02343057629555838 117.15288147779191 1.3622428078813014
1273 86 0.0 0.018276424322299187 117.15288147779191 1.3622428078813014
1274 86 0.0 0.018276424322299187 91.38212161149593 1.0625828094359993
1275 86 0.0 0.018276424322299187 91.38212161149593 1.0625828094359993
1276 86 0.0 0.018276424322299187 91.38212161149593 1.0625828094359993
1277 86 0.0 0.018276424322299187 91.38212161149593 1.0625828094359993
1278 86 0.0 0.018276424322299187 91.38212161149593 1.0625828094359993
1279 89 0.0 0.018276424322299187 91.38212161149593 1.0625828094359993
1280 89 0.0 0.018276424322299187 91.38212161149593 1.0267654113651228
1281 89 0.0 0.018276424322299187 91.38212161149593 1.0267654113651228
1282 89 0.0 0.018276424322299187 91.38212161149593 1.0267654113651228
1283 89 0.0 0.018276424322299187 91.38212161149593 1.0267654113651228
1284 89 0.0 0.018276424322299187 91.38212161149593 1.0267654113651228
1285 89 0.0 0.018276424322299187 91.38212161149593 1.0267654113651228
1286 89 0.0 0.018276424322299187 91.38212161149593 1.0267654113651228
1287 89 0.0 0.018276424322299187 91.38212161149593 1.0267654113651228
1288 89 0.0 0.018276424322299187 91.38212161149593 1.0267654113651228
1289 90 0.0 0.018276424322299187 91.38212161149593 1.0267654113651228
1290 90 0.0 0.020787429622346476 91.38212161149593 1.0153569067943993
1291 90 0.0 0.02478450080264028 103.93714811173238 1.1548572012414708
1292 90 0.0 0.02478450080264028 123.9225040132014 1.3769167112577934
1293 99 0.0 0.02478450080264028 123.9225040132014 1.3769167112577934
1294 99 0.0 0.02478450080264028 123.9225040132014 1.251742464779812
1295 99 0.0 0.02478450080264028 123.9225040132014 1.251742464779812
1296 99 0.0 0.02478450080264028 123.9225040132014 1.251742464779812
1297 99 0.0 0.02478450080264028 123.9225040132014 1.251742464779812
1298 99 0.0 0.02478450080264028 123.9225040132014 1.251742464779812
1299 99 0.0 0.02478450080264028 123.9225040132014 1.251742464779812
1300 99 0.0 0.01777368212897299 123.9225040132014 1.251742464779812
1301 99 0.0 0.01777368212897299 88.86841064486495 0.8976607135844945
1302 21 0.0 0.028128892953553808 88.86841064486495 0.8976607135844945
1303 22 0.0 0.028128892953553808 37.5 1.7857142857142858
1304 23 0.0 0.028128892953553808 37.5 1.7045454545454546
1305 23 0.0 0.028128892953553808 37.5 1.6304347826086956
1306 25 0.0 0.028128892953553808 37.5 1.6304347826086956
1307 25 0.0 0.028128892953553808 37.5 1.5
1308 27 0.0 0.028128892953553808 37.5 1.5
1309 27 0.0 0.028128892953553808 37.5 1.3888888888888888
1310 27 0.0 0.028128892953553808 37.5 1.3888888888888888
1311 27 0.0 0.028128892953553808 37.5 1.3888888888888888
1312 27 0.0 0.028128892953553808 37.5 1.3888888888888888
1313 27 0.0 0.028128892953553808 37.5 1.3888888888888888
1314 27 0.0 0.028128892953553808 37.5 1.3888888888888888
1315 27 0.0 0.028128892953553808 37.5 1.3888888888888888
1316 27 0.0 0.028128892953553808 37.5 1.3888888888888888
1317 27 0.0 0.028128892953553808 37.5 1.3888888888888888
1318 28 0.0 0.028128892953553808 37.5 1.3888888888888888
1319 28 0.0 0.025788441065152858 37.5 1.3392857142857142
1320 28 0.0 0.025788441065152858 37.5 1.3392857142857142
1321 28 0.0 0.025788441065152858 37.5 1.3392857142857142
1322 28 0.0 0.025788441065152858 37.5 1.3392857142857142
1323 29 0.0 0.025788441065152858 37.5 1.3392857142857142
1324 29 0.0 0.025788441065152858 37.5 1.293103448275862
1325 29 0.0 0.02267108491108119 37.5 1.293103448275862
1326 29 0.0 0.02267108491108119 37.5 1.293103448275862
1327 29 0.0 0.02267108491108119 37.5 1.293103448275862
1328 29 0.0 0.02267108491108119 37.5 1.293103448275862
1329 29 0.0 0.02267108491108119 37.5 1.293103448275862
1330 29 0.0 0.02267108491108119 37.5 1.293103448275862
1331 29 0.0 0.02267108491108119 37.5 1.293103448275862
1332 29 0.0 0.02267108491108119 37.5 1.293103448275862
1333 29 0.0 0.02267108491108119 37.5 1.293103448275862
1334 29 0.0 0.02267108491108119 37.5 1.293103448275862
1335 29 0.0 0.02267108491108119 37.5 1.293103448275862
1336 29 0.0 0.02267108491108119 37.5 1.293103448275862
1337 29 0.0 0.02267108491108119 37.5 1.293103448275862
1338 30 0.0 0.02267108491108119 37.5 1.293103448275862
1339 30 0.0 0.02267108491108119 50.0 1.6666666666666667
1340 30 0.0 0.02267108491108119 50.0 1.6666666666666667
1341 30 0.0 0.02267108491108119 50.0 1.6666666666666667
1342 30 0.0 0.02267108491108119 50.0 1.6666666666666667
1343 30 0.0 0.02267108491108119 50.0 1.6666666666666667
1344 30 0.0 0.02267108491108119 50.0 1.6666666666666667
1345 33 0.0 0.02267108491108119 50.0 1.6666666666666667
1346 33 0.0 0.02267108491108119 50.0 1.5151515151515151
1347 33 0.0 0.02267108491108119 50.0 1.5151515151515151
1348 34 0.0 0.02267108491108119 50.0 1.5151515151515151
1349 34 0.0 0.02267108491108119 50.0 1.4705882352941178
1350 34 0.0 0.02267108491108119 50.0 1.4705882352941178
1351 34 0.0 0.02267108491108119 50.0 1.4705882352941178
1352 36 0.0 0.02267108491108119 50.0 1.4705882352941178
1353 36 0.0 0.02267108491108119 50.0 1.3888888888888888
1354 36 0.0 0.02267108491108119 50.0 1.3888888888888888
1355 36 0.0 0.02267108491108119 50.0 1.3888888888888888
1356 36 0.0 0.02267108491108119 50.0 1.3888888888888888
1357 36 0.0 0.02267108491108119 50.0 1.3888888888888888
1358 36 0.0 0.02267108491108119 50.0 1.3888888888888888
1359 36 0.0 0.02267108491108119 50.0 1.3888888888888888
1360 36 0.0 0.02267108491108119 50.0 1.3888888888888888
1361 36 0.0 0.02267108491108119 50.0 1.3888888888888888
1362 36 0.0 0.02267108491108119 50.0 1.3888888888888888
1363 36 0.0 0.02267108491108119 50.0 1.3888888888888888
1364 36 0.0 0.02267108491108119 50.0 1.3888888888888888
1365 36 0.0 0.02267108491108119 50.0 1.3888888888888888
1366 39 0.0 0.02267108491108119 50.0 1.3888888888888888
1367 39 0.0 0.02267108491108119 62.5 1.6025641025641026
1368 39 0.0 0.02267108491108119 62.5 1.6025641025641026
1369 39 0.0 0.02267108491108119 62.5 1.6025641025641026
1370 39 0.0 0.02267108491108119 62.5 1.6025641025641026
1371 39 0.0 0.02267108491108119 62.5 1.6025641025641026
1372 39 0.0 0.02267108491108119 62.5 1.6025641025641026
1373 39 0.0 0.02267108491108119 62.5 1.6025641025641026
1374 43 0.0 0.02267108491108119 62.5 1.6025641025641026
1375 46 0.0 0.02267108491108119 62.5 1.4534883720930232
1376 48 0.0 0.02267108491108119 75.0 1.6304347826086956
1377 48 0.0 0.02267108491108119 75.0 1.5625
1378 53 0.0 0.02267108491108119 75.0 1.5625
1379 53 0.0 0.02267108491108119 75.0 1.4150943396226414
1380 53 0.0 0.02267108491108119 75.0 1.4150943396226414
1381 53 0.0 0.02267108491108119 75.0 1.4150943396226414
1382 53 0.0 0.02267108491108119 75.0 1.4150943396226414
1383 53 0.0 0.02267108491108119 75.0 1.4150943396226414
1384 53 0.0 0.02267108491108119 75.0 1.4150943396226414
1385 53 0.0 0.02267108491108119 75.0 1.4150943396226414
1386 53 0.0 0.02267108491108119 75.0 1.4150943396226414
1387 53 0.0 0.02267108491108119 75.0 1.4150943396226414
1388 53 0.0 0.014264341841249983 75.0 1.4150943396226414
1389 58 0.0 0.014264341841249983 71.32170920624992 1.3456926265330174
1390 58 0.0 0.014264341841249983 71.32170920624992 1.2296846414870677
1391 58 0.0 0.014264341841249983 71.32170920624992 1.2296846414870677
1392 58 0.0 0.014264341841249983 71.32170920624992 1.2296846414870677
1393 58 0.0 0.014264341841249983 71.32170920624992 1.2296846414870677
1394 58 0.0 0.014264341841249983 71.32170920624992 1.2296846414870677
1395 58 0.0 0.014264341841249983 71.32170920624992 1.2296846414870677
1396 58 0.0 0.014264341841249983 71.32170920624992 1.2296846414870677
1397 58 0.0 0.014264341841249983 71.32170920624992 1.2296846414870677
1398 58 0.0 0.014264341841249983 71.32170920624992 1.2296846414870677
1399 58 0.0 0.014264341841249983 71.32170920624992 1.2296846414870677
1400 62 0.0 0.014264341841249983 71.32170920624992 1.2296846414870677
1401 64 0.0 0.019608743271950627 71.32170920624992 1.150350148487902
1402 64 0.0 0.019608743271950627 98.04371635975313 1.5319330681211427
1403 69 0.0 0.019608743271950627 98.04371635975313 1.5319330681211427
1404 69 0.0 0.019608743271950627 98.04371635975313 1.4209234255036687
1405 69 0.0 0.019608743271950627 98.04371635975313 1.4209234255036687
1406 69 0.0 0.019608743271950627 98.04371635975313 1.4209234255036687
1407 69 0.0 0.019608743271950627 98.04371635975313 1.4209234255036687
1408 69 0.0 0.019608743271950627 98.04371635975313 1.4209234255036687
1409 69 0.0 0.019608743271950627 98.04371635975313 1.4209234255036687
1410 76 0.0 0.019608743271950627 98.04371635975313 1.4209234255036687
1411 76 0.0 0.019608743271950627 98.04371635975313 1.290048899470436
1412 76 0.0 0.019608743271950627 98.04371635975313 1.290048899470436
1413 76 0.0 0.019608743271950627 98.04371635975313 1.290048899470436
1414 76 0.0 0.019608743271950627 98.04371635975313 1.290048899470436
1415 76 0.0 0.019608743271950627 98.04371635975313 1.290048899470436
1416 76 0.0 0.019608743271950627 98.04371635975313 1.290048899470436
1417 76 0.0 0.019608743271950627 98.04371635975313 1.290048899470436
1418 76 0.0 0.019608743271950627 98.04371635975313 1.290048899470436
1419 76 0.0 0.019608743271950627 98.04371635975313 1.290048899470436
1420 76 0.0 0.019608743271950627 98.04371635975313 1.290048899470436
1421 76 0.0 0.016990633943134707 98.04371635975313 1.290048899470436
1422 76 0.0 0.016990633943134707 84.95316971567354 1.117804864679915
1423 76 0.0 0.016990633943134707 84.95316971567354 1.117804864679915
1424 76 0.0 0.016990633943134707 84.95316971567354 1.117804864679915
1425 76 0.0 0.016990633943134707 84.95316971567354 1.117804864679915
1426 76 0.0 0.016990633943134707 84.95316971567354 1.117804864679915
1427 82 0.0 0.016990633943134707 84.95316971567354 1.117804864679915
1428 82 0.0 0.021327164309758 84.95316971567354 1.036014264825287
1429 82 0.0 0.021327164309758 106.63582154878999 1.3004368481559756
1430 82 0.0 0.021327164309758 106.63582154878999 1.3004368481559756
1431 82 0.0 0.021327164309758 106.63582154878999 1.3004368481559756
1432 82 0.0 0.021327164309758 106.63582154878999 1.3004368481559756
1433 82 0.0 0.021327164309758 106.63582154878999 1.3004368481559756
1434 82 0.0 0.021327164309758 106.63582154878999 1.3004368481559756
1435 82 0.0 0.021327164309758 106.63582154878999 1.3004368481559756
1436 82 0.0 0.021327164309758 106.63582154878999 1.3004368481559756
1437 84 0.0 0.021327164309758 106.63582154878999 1.3004368481559756
1438 84 0.0 0.021327164309758 106.63582154878999 1.2694740660570236
1439 84 0.0 0.021327164309758 106.63582154878999 1.2694740660570236
1440 88 0.0 0.021327164309758 106.63582154878999 1.2694740660570236
1441 88 0.0 0.021327164309758 106.63582154878999 1.2117706994180681
1442 88 0.0 0.021327164309758 106.63582154878999 1.2117706994180681
1443 88 0.0 0.021327164309758 106.63582154878999 1.2117706994180681
1444 88 0.0 0.021327164309758 106.63582154878999 1.2117706994180681
1445 88 0.0 0.021327164309758 106.63582154878999 1.2117706994180681
1446 88 0.0 0.021327164309758 106.63582154878999 1.2117706994180681
1447 88 0.0 0.021327164309758 106.63582154878999 1.2117706994180681
1448 92 0.0 0.021327164309758 106.63582154878999 1.2117706994180681
1449 92 0.0 0.021327164309758 106.63582154878999 1.1590850168346738
1450 92 0.0 0.021327164309758 106.63582154878999 1.1590850168346738
1451 92 0.0 0.021327164309758 106.63582154878999 1.1590850168346738
1452 96 0.0 0.021327164309758 106.63582154878999 1.1590850168346738
1453 96 0.0 0.021327164309758 106.63582154878999 1.1107898077998957
1454 96 0.0 0.021327164309758 106.63582154878999 1.1107898077998957
1455 96 0.0 0.021327164309758 106.63582154878999 1.1107898077998957
1456 96 0.0 0.021327164309758 106.63582154878999 1.1107898077998957
1457 96 0.0 0.021327164309758 106.63582154878999 1.1107898077998957
1458 96 0.0 0.021327164309758 106.63582154878999 1.1107898077998957
1459 96 0.0 0.021327164309758 106.63582154878999 1.1107898077998957
1460 96 0.0 0.021327164309758 106.63582154878999 1.1107898077998957
1461 96 0.0 0.021327164309758 106.63582154878999 1.1107898077998957
1462 96 0.0 0.021327164309758 106.63582154878999 1.1107898077998957
1463 96 0.0 0.021327164309758 106.63582154878999 1.1107898077998957
1464 96 0.0 0.020519356481538065 106.63582154878999 1.1107898077998957
1465 96 0.0 0.020519356481538065 102.59678240769033 1.0687164834134408
1466 96 0.0 0.020519356481538065 102.59678240769033 1.0687164834134408
1467 96 0.0 0.020519356481538065 102.59678240769033 1.0687164834134408
1468 101 0.0 0.020519356481538065 102.59678240769033 1.0687164834134408
1469 101 0.0 0.020519356481538065 102.59678240769033 1.015809726808815
1470 101 0.0 0.020519356481538065 102.59678240769033 1.015809726808815
1471 101 0.0 0.020519356481538065 102.59678240769033 1.015809726808815
1472 101 0.0 0.020519356481538065 102.59678240769033 1.015809726808815
1473 101 0.0 0.020519356481538065 102.59678240769033 1.015809726808815
1474 101 0.0 0.020519356481538065 102.59678240769033 1.015809726808815
1475 101 0.0 0.020519356481538065 102.59678240769033 1.015809726808815
1476 101 0.0 0.020519356481538065 102.59678240769033 1.015809726808815
1477 101 0.0 0.0259719738251856 102.59678240769033 1.015809726808815
1478 101 0.0 0.0259719738251856 129.859869125928 1.2857412784745346
1479 101 0.0 0.0259719738251856 129.859869125928 1.2857412784745346
1480 111 0.0 0.0259719738251856 129.859869125928 1.2857412784745346
1481 111 0.0 0.0259719738251856 129.859869125928 1.169908730864216
1482 111 0.0 0.01985198488022565 129.859869125928 1.169908730864216
1483 111 0.0 0.01985198488022565 99.25992440112825 0.8942335531633175
1484 111 0.0 0.01985198488022565 99.25992440112825 0.8942335531633175
1485 111 0.0 0.01985198488022565 99.25992440112825 0.8942335531633175
1486 111 0.0 0.01985198488022565 99.25992440112825 0.8942335531633175
1487 111 0.0 0.02245417106218008 99.25992440112825 0.8942335531633175
1488 111 0.0 0.02245417106218008 112.2708553109004 1.0114491469450486
1489 111 0.0 0.0176456389142915 112.2708553109004 1.0114491469450486
1490 111 0.0 0.0176456389142915 88.2281945714575 0.7948485997428603
1491 50 0.0 0.0176456389142915 88.2281945714575 0.7948485997428603
1492 50 0.0 0.0176456389142915 75.0 1.5
1493 53 0.0 0.0176456389142915 75.0 1.5
1494 56 0.0 0.0176456389142915 75.0 1.4150943396226414
1495 61 0.0 0.0176456389142915 87.5 1.5625
1496 61 0.0 0.0176456389142915 87.5 1.4344262295081966
1497 61 0.0 0.0176456389142915 87.5 1.4344262295081966
1498 61 0.0 0.0176456389142915 87.5 1.4344262295081966
1499 62 0.0 0.018098598627869264 87.5 1.4344262295081966
1500 62 0.0 0.018098598627869264 87.5 1.4112903225806452
1501 62 0.0 0.018098598627869264 87.5 1.4112903225806452
1502 66 0.0 0.018098598627869264 87.5 1.4112903225806452
1503 66 0.0 0.018098598627869264 90.49299313934632 1.3711059566567625
1504 66 0.0 0.018098598627869264 90.49299313934632 1.3711059566567625
1505 66 0.0 0.018098598627869264 90.49299313934632 1.3711059566567625
1506 66 0.0 0.018098598627869264 90.49299313934632 1.3711059566567625
1507 66 0.0 0.018098598627869264 90.49299313934632 1.3711059566567625
1508 66 0.0 0.018098598627869264 90.49299313934632 1.3711059566567625
1509 66 0.0 0.018098598627869264 90.49299313934632 1.3711059566567625
1510 67 0.0 0.018098598627869264 90.49299313934632 1.3711059566567625
1511 67 0.0 0.018098598627869264 90.49299313934632 1.35064168864696
1512 70 0.0 0.018098598627869264 90.49299313934632 1.35064168864696
1513 70 0.0 0.018098598627869264 90.49299313934632 1.2927570448478047
1514 70 0.0 0.018098598627869264 90.49299313934632 1.2927570448478047
1515 70 0.0 0.018098598627869264 90.49299313934632 1.2927570448478047
1516 70 0.0 0.018098598627869264 90.49299313934632 1.2927570448478047
1517 70 0.0 0.018098598627869264 90.49299313934632 1.2927570448478047
1518 70 0.0 0.018098598627869264 90.49299313934632 1.2927570448478047
1519 70 0.0 0.018098598627869264 90.49299313934632 1.2927570448478047
1520 70 0.0 0.018098598627869264 90.49299313934632 1.2927570448478047
1521 70 0.0 0.018098598627869264 90.49299313934632 1.2927570448478047
1522 70 0.0 0.018098598627869264 90.49299313934632 1.2927570448478047
1523 70 0.0 0.018098598627869264 90.49299313934632 1.2927570448478047
1524 71 0.0 0.018098598627869264 90.49299313934632 1.2927570448478047
1525 76 0.0 0.018098598627869264 90.49299313934632 1.274549199145723
1526 76 0.0 0.018098598627869264 90.49299313934632 1.1906972781492937
1527 76 0.0 0.018098598627869264 90.49299313934632 1.1906972781492937
1528 76 0.0 0.018098598627869264 90.49299313934632 1.1906972781492937
1529 76 0.0 0.018098598627869264 90.49299313934632 1.1906972781492937
1530 76 0.0 0.018098598627869264 90.49299313934632 1.1906972781492937
1531 76 0.0 0.018098598627869264 90.49299313934632 1.1906972781492937
1532 76 0.0 0.018098598627869264 90.49299313934632 1.1906972781492937
1533 76 0.0 0.01701331508345831 90.49299313934632 1.1906972781492937
1534 76 0.0 0.01701331508345831 85.06657541729156 1.1192970449643627
1535 76 0.0 0.01701331508345831 85.06657541729156 1.1192970449643627
1536 76 0.0 0.01701331508345831 85.06657541729156 1.1192970449643627
1537 76 0.0 0.023327901561250444 85.06657541729156 1.1192970449643627
1538 76 0.0 0.023327901561250444 112.5 1.480263157894737
1539 76 0.0 0.023327901561250444 112.5 1.480263157894737
1540 76 0.0 0.023327901561250444 112.5 1.480263157894737
1541 76 0.0 0.023327901561250444 112.5 1.480263157894737
1542 76 0.0 0.01764904715265665 112.5 1.480263157894737
1543 76 0.0 0.01764904715265665 88.24523576328325 1.1611215232010954
1544 76 0.0 0.01764904715265665 88.24523576328325 1.1611215232010954
1545 76 0.0 0.01764904715265665 88.24523576328325 1.1611215232010954
1546 76 0.0 0.01764904715265665 88.24523576328325 1.1611215232010954
1547 76 0.0 0.01764904715265665 88.24523576328325 1.1611215232010954
1548 76 0.0 0.01764904715265665 88.24523576328325 1.1611215232010954
1549 76 0.0 0.01764904715265665 88.24523576328325 1.1611215232010954
1550 76 0.0 0.01764904715265665 88.24523576328325 1.1611215232010954
1551 76 0.0 0.01764904715265665 88.24523576328325 1.1611215232010954
1552 76 0.0 0.01764904715265665 88.24523576328325 1.1611215232010954
1553 76 0.0 0.01764904715265665 88.24523576328325 1.1611215232010954
1554 76 0.0 0.01764904715265665 88.24523576328325 1.1611215232010954
1555 76 0.0 0.01764904715265665 88.24523576328325 1.1611215232010954
1556 80 0.0 0.019265723003930216 88.24523576328325 1.1611215232010954
1557 87 0.0 0.0192657